# L=128
# Trotter decomposition for beta: order=4 and bstep=0.100000
# Trotter decomposition for time: order=4 and tstep=0.100000

# t ; Re[Cij(t)] ; Im[Cij(t)] ; Re[Szi(t)] ; Im[Szi(t)]
0 0.25 0 -8.7523629653e-10 0
0.1 0.248563058801 -0.00678212055589 -8.91670320751e-10 1.13087238747e-17
0.2 0.244292735807 -0.0133768522167 -9.40730521588e-10 8.10243072411e-17
0.3 0.237308984577 -0.0196038541942 -1.02167117517e-09 3.83673389822e-17
0.4 0.227806639134 -0.0252965581087 -1.13322337107e-09 -2.34657133392e-17
0.5 0.216048030004 -0.0303082622092 -1.27356952024e-09 -1.75267835681e-17
0.6 0.202353130428 -0.0345173231955 -1.44032392979e-09 -3.72847174817e-17
0.7 0.187087684584 -0.0378312215793 -1.63048562726e-09 -2.1452009649e-17
0.8 0.170649855524 -0.0401893360861 -1.84045057818e-09 6.64695771638e-17
0.9 0.153455987679 -0.0415643298098 -2.06604646818e-09 2.12082246023e-17
1 0.135926104876 -0.0419621216574 -2.30256314673e-09 5.86283685302e-17
1.1 0.118469759194 -0.0414204868808 -2.54484985362e-09 -2.73611257395e-17
1.2 0.10147280989 -0.0400063962038 -2.78740966544e-09 1.14604849343e-17
1.3 0.0852856481738 -0.0378122606175 -3.02455901213e-09 4.14646346907e-17
1.4 0.0702132970627 -0.0349512954168 -3.25058000573e-09 9.90568056924e-18
1.5 0.0565077116971 -0.0315522503297 -3.45987450552e-09 -4.58426551934e-17
1.6 0.0443624904917 -0.0277537714338 -3.64713624774e-09 7.45154361036e-17
1.7 0.0339100880558 -0.0236986646443 -3.80748037668e-09 -6.89771173257e-17
1.8 0.0252215033803 -0.0195283204905 -3.93661842699e-09 2.71492904388e-17
1.9 0.0183083074421 -0.0153775370949 -4.03091106365e-09 2.78455058096e-17
2 0.0131267782081 -0.0113699447633 -4.08748155086e-09 3.80512413324e-18
2.1 0.00958383218612 -0.00761419395498 -4.1042613613e-09 -7.7449539167e-18
2.2 0.00754438304786 -0.00420102140323 -4.08001297815e-09 -7.40054660628e-17
2.3 0.0068397208956 -0.00120125985095 -4.01434480666e-09 -3.77753966015e-17
2.4 0.00727649079988 0.00133519209139 -3.90771372672e-09 -6.56041978748e-17
2.5 0.00864585527092 0.00337946936018 -3.76141706474e-09 7.82246798721e-17
2.6 0.0107324503472 0.00492297924386 -3.57756484502e-09 2.4579971532e-17
2.7 0.0133227861614 0.00597588357971 -3.35908469413e-09 8.03519796264e-17
2.8 0.0162127967034 0.0065649541807 -3.10967450502e-09 1.04990822905e-16
2.9 0.0192143062919 0.00673094858384 -2.83376485442e-09 -3.08296064543e-17
3 0.022160248042 0.00652566170758 -2.53645861899e-09 2.86714204555e-17
3.1 0.0249085387248 0.00600880945048 -2.22343981825e-09 1.19094696917e-17
3.2 0.0273445812056 0.0052448928769 -1.90084462394e-09 -3.96895713518e-17
3.3 0.029382427351 0.0043001783254 -1.57508648539e-09 3.20289582234e-17
3.4 0.0309646884102 0.00323991023267 -1.25268014318e-09 1.03626534434e-16
3.5 0.0320613246147 0.00212585143496 -9.39991417458e-10 6.52326661429e-17
3.6 0.0326674800601 0.00101422163148 -6.43030663427e-10 6.39169986143e-18
3.7 0.0328005522886 -4.5920104828e-05 -3.67209015749e-10 -3.66151166558e-17
3.8 0.0324966984721 -0.00101382692768 -1.17139049373e-10 2.13748897463e-17
3.9 0.0318069828971 -0.00185775107716 1.03531185473e-10 -7.27514330323e-17
4 0.0307933631744 -0.00255518636695 2.92201783151e-10 -2.20571433667e-18
4.1 0.0295246983409 -0.00309270429707 4.47374971085e-10 -8.27819976592e-17
4.2 0.0280729412805 -0.0034654343506 5.6856108448e-10 -5.31012517936e-17
4.3 0.0265096521406 -0.00367624923408 6.56177610083e-10 -2.74618119258e-17
4.4 0.0249029414143 -0.00373472114996 7.11329431767e-10 7.53362153981e-17
4.5 0.0233149208497 -0.00365591762913 7.35577366892e-10 3.12356503414e-18
4.6 0.0217997113729 -0.00345910489429 7.30705374052e-10 -1.43740716026e-17
4.7 0.0204020280132 -0.00316642276327 6.98459358578e-10 -1.63737903013e-17
4.8 0.0191563356192 -0.00280158946895 6.40401953935e-10 -9.97042423021e-18
4.9 0.0180865466916 -0.00238868702998 5.57802289324e-10 -6.40180587639e-17
5 0.0172062124809 -0.00195106902572 4.51630526047e-10 -1.32565711694e-17
5.1 0.016519143794 -0.00151042308201 3.22661077988e-10 4.78032960363e-18
5.2 0.0160203867122 -0.0010860105398 1.71655487284e-10 8.97618033621e-18
5.3 0.0156974716904 -0.000694096156239 -3.55318363186e-13 -2.51465405104e-17
5.4 0.015531851821 -0.000347571531685 -1.91773663526e-10 8.31865346858e-17
5.5 0.0155004469526 -5.57673882543e-05 -4.00125471235e-10 -1.21136791692e-16
5.6 0.0155772145927 0.00017555701769 -6.21774815455e-10 -3.44125520891e-17
5.7 0.0157346757788 0.000344065725731 -8.51738978584e-10 1.47685013979e-17
5.8 0.0159453334182 0.000450561927789 -1.08361882423e-09 3.87985608382e-17
5.9 0.0161829314913 0.000498594277951 -1.30969438952e-09 -3.10366908568e-17
6 0.0164235159951 0.000493982238167 -1.52113742858e-09 4.35072321932e-17
6.1 0.0166462706073 0.000444289390228 -1.70842640298e-09 -3.18687075757e-17
6.2 0.0168341132887 0.000358273631879 -1.86186318303e-09 -5.1970577523e-17
6.3 0.0169740515475 0.000245341037027 -1.97216108948e-09 -4.44197729029e-17
6.4 0.017057305335 0.0001150279926 -2.03109849808e-09 -2.31292222325e-17
6.5 0.0170792164697 -2.34677510663e-05 -2.03212354135e-09 -1.1284713773e-16
6.6 0.0170389710707 -0.000161690058739 -1.97092926721e-09 -2.66076153041e-17
6.7 0.0169391677609 -0.000292249258652 -1.84589798228e-09 -8.31219659018e-18
6.8 0.0167852684886 -0.00040906117016 -1.65841696725e-09 -3.63053633447e-17
6.9 0.0165849707517 -0.000507497347724 -1.41304691928e-09 -3.41854417172e-17
7 0.0163475401695 -0.00058444796542 -1.11753816126e-09 8.47044149445e-17
7.1 0.016083140354 -0.000638302902634 -7.82710823726e-10 -8.723049274e-17
7.2 0.0158021938118 -0.000668859959321 -4.22185641244e-10 5.8729452326e-18
7.3 0.0155148026324 -0.000677171948439 -5.2017191509e-11 1.71675932592e-17
7.4 0.0152302520547 -0.000665346385427 3.09762778828e-10 -5.32378694493e-17
7.5 0.0149566135405 -0.000636312627349 6.43692223247e-10 2.11529850754e-18
7.6 0.014700457266 -0.000593571658168 9.29450038706e-10 -3.18964458958e-17
7.7 0.0144666773175 -0.000540943220851 1.14648200375e-09 -4.2639897305e-19
7.8 0.0142584266712 -0.000482323771026 1.27463057763e-09 2.54452025497e-17
7.9 0.0140771535203 -0.000421466923658 1.29479680816e-09 1.41995532697e-17
8 0.0139227260383 -0.000361795798349 1.1896242969e-09 -7.44422144179e-18
8.1 0.0137936291101 -0.000306254057529 9.44128907006e-10 7.98677134008e-19
8.2 0.013687214413 -0.000257199671586 5.46371611206e-10 4.57048682833e-17
8.3 0.0135999841549 -0.000216342880008 -1.1921991257e-11 8.32947823064e-17
8.4 0.01352788944 -0.000184726523831 -7.34778304725e-10 -7.76864800873e-17
8.5 0.0134666240857 -0.000162746599067 -1.62147242834e-09 -8.8011687009e-17
8.6 0.0134118989683 -0.000150205970658 -2.66612487725e-09 -5.88938036875e-17
8.7 0.0133596829567 -0.00014639556007 -3.85745732907e-09 -5.39071331138e-17
8.8 0.013306400873 -0.000150195002171 -5.17873462331e-09 3.09827490748e-17
8.9 0.0132490820649 -0.000160185145394 -6.60792771305e-09 -4.94835227068e-17
9 0.0131854570366 -0.000174764153482 -8.11808924539e-09 6.99836639165e-17
9.1 0.0131140022679 -0.000192261100969 -9.67802613469e-09 -5.00379477485e-17
9.2 0.0130339370007 -0.000211039823281 -1.1253146834e-08 2.11974442348e-17
9.3 0.0129451777564 -0.000229588481965 -1.28065446493e-08 7.88377251454e-17
9.4 0.012848257865 -0.000246591373396 -1.43002343121e-08 -7.27226028221e-17
9.5 0.0127442214866 -0.000260980353647 -1.56964803046e-08 -4.53299992963e-17
9.6 0.0126345010983 -0.000271965877621 -1.69591690886e-08 -3.13751137277e-17
9.7 0.0125207878528 -0.00027904809634 -1.80551361768e-08 -4.32558195737e-17
9.8 0.0124049034174 -0.000282009848416 -1.89553785567e-08 4.38828970207e-17
9.9 0.0122886804306 -0.000280894125341 -1.96360964696e-08 -2.39947548222e-17
10 0.0121738572843 -0.000275969344087 -2.00794925995e-08 4.67647922748e-18
10.1 0.0120619913387 -0.000267686275456 -2.02743289703e-08 6.43961845773e-17
10.2 0.0119543930807 -0.000256630335338 -2.02161692529e-08 4.32990206515e-17
10.3 0.0118520823705 -0.000243472582803 -1.99073550868e-08 -4.44820528285e-17
10.4 0.0117557663238 -0.000228922220664 -1.93566861215e-08 1.30302327244e-17
10.5 0.011665837233 -0.00021368325967 -1.85788833457e-08 -1.79799391906e-16
10.6 0.0115823877511 -0.000198417262829 -1.75938130066e-08 2.59189858667e-17
10.7 0.0115052402766 -0.00018371349476 -1.64256039322e-08 4.19103318134e-17
10.8 0.0114339869387 -0.000170067275752 -1.51016091139e-08 -1.91590996832e-17
10.9 0.0113680362647 -0.000157866910968 -1.36513717265e-08 -5.89060219425e-17
11 0.0113066625844 -0.00014738837518 -1.21055470487e-08 -3.06674593041e-17
11.1 0.011249055344 -0.000138796721935 -1.04949193712e-08 6.06438644625e-17
11.2 0.0111943656744 -0.000132152834316 -8.84951047607e-09 -3.37502862427e-17
11.3 0.0111417481299 -0.000127424341378 -7.1977707375e-09 9.15513201401e-17
11.4 0.0110903958763 -0.000124499798424 -5.56597354606e-09 7.63144701188e-17
11.5 0.0110395685322 -0.000123204673886 -3.97772298145e-09 -5.60129666365e-17
11.6 0.0109886131241 -0.000123317530508 -2.45365077705e-09 7.62007865046e-18
11.7 0.0109369791996 -0.000124585460474 -1.01122071632e-09 2.82474407495e-17
11.8 0.0108842288715 -0.000126737127356 3.35289546024e-10 2.56395571873e-17
11.9 0.0108300424181 -0.00012950018285 1.57471645358e-09 1.18423619797e-16
12 0.0107742201059 -0.000132605212259 2.69885936998e-09 -8.64895336476e-17
12.1 0.0107166790007 -0.000135800269416 3.70226537189e-09 -3.98147643544e-17
12.2 0.0106574462711 -0.000138857435757 4.5819913098e-09 3.58530269689e-17
12.3 0.0105966486507 -0.000141578743748 5.33735047273e-09 -5.02098759689e-18
12.4 0.0105344989926 -0.000143799746409 5.9696608949e-09 -2.79469033388e-17
12.5 0.0104712810773 -0.000145391256387 6.48204730406e-09 4.12447241943e-17
12.6 0.0104073340485 -0.000146260555843 6.87928115466e-09 2.98539649809e-18
12.7 0.0103430368464 -0.000146352483338 7.16764139629e-09 2.52988698063e-17
12.8 0.0102787926844 -0.00014564998331 7.354807174e-09 -3.63288376896e-18
12.9 0.0102150132461 -0.000144173377392 7.44978529623e-09 -1.02035359663e-16
13 0.0101521032492 -0.000141977981631 7.46283369127e-09 -1.59007486684e-17
13.1 0.0100904458282 -0.000139149860738 7.40533073472e-09 -1.45845040105e-17
13.2 0.0100303886776 -0.000135800430032 7.28965543415e-09 -5.54318673083e-17
13.3 0.00997223005754 -0.000132061211006 7.12893950701e-09 2.66293163572e-17
13.4 0.00991620449681 -0.000128078907647 6.93680015125e-09 -7.68241741352e-18
13.5 0.00986246967341 -0.00012400984206 6.72696370292e-09 2.60397886502e-17
13.6 0.00981109658539 -0.000120012876675 6.51281851197e-09 2.91755028078e-17
13.7 0.00976206482045 -0.00011624138035 6.30693598811e-09 7.57324830571e-17
13.8 0.00971526374858 -0.000112835556189 6.1205584408e-09 -1.44387392878e-17
13.9 0.00967049936996 -0.000109915754675 5.9631065694e-09 4.86667966291e-17
14 0.00962750575327 -0.000107576656063 5.841733286e-09 -3.797174109e-17
14.1 0.00958596011017 -0.000105882668581 5.7609765853e-09 3.55523495666e-17
14.2 0.00954549849184 -0.000104862992536 5.7225353686e-09 5.26688015768e-17
14.3 0.00950573526489 -0.000104508536438 5.72522316183e-09 -4.28017706545e-17
14.4 0.00946628395699 -0.000104769692656 5.76508086667e-09 5.3919431975e-17
14.5 0.00942677932273 -0.000105555025516 5.8356830084e-09 -1.39086394542e-16
14.6 0.00938690008315 -0.000106733525646 5.92860453847e-09 -1.06540826288e-17
14.7 0.00934639089701 -0.000108141026687 6.03405796116e-09 5.43160931603e-17
14.8 0.00930508210705 -0.000109590508713 6.14162359224e-09 1.56604933453e-17
14.9 0.00926290478703 -0.00011088496185 6.24102558543e-09 -7.28551444097e-17
15 0.00921989866418 -0.000111831471002 6.322960174e-09 2.58585699631e-17
15.1 0.00917621149393 -0.000112255359254 6.37982359802e-09 3.15240356859e-17
15.2 0.00913208976719 -0.000112013384869 6.40634879233e-09 -1.07501700216e-16
15.3 0.00908786150697 -0.000111004878085 6.40009174665e-09 3.1658063491e-17
15.4 0.00904391308203 -0.000109179622935 6.3617104863e-09 -1.56168799752e-18
15.5 0.00900066245404 -0.000106541708842 6.29503031004e-09 5.94298449604e-17
15.6 0.008958530769 -0.000103149448829 6.20685436507e-09 3.49642783732e-18
15.7 0.00891791344401 -9.91123171928e-05 6.10658626329e-09 1.20138514629e-17
15.8 0.0088791506071 -9.45862852397e-05 6.00562728094e-09 3.82936261089e-17
15.9 0.00884250140521 -8.97662174058e-05 5.91661189302e-09 7.26767040488e-17
16 0.00880811855729 -8.48772882322e-05 5.8525379417e-09 2.73844540034e-17
16.1 0.00877602996212 -8.01620225585e-05 5.82581766498e-09 1.57655072516e-17
16.2 0.00874612729506 -7.5865557401e-05 5.84736520524e-09 3.82744811611e-17
16.3 0.00871816374571 -7.22205308596e-05 5.92572147509e-09 5.29400533895e-17
16.4 0.0086917597448 -6.943307063e-05 6.06630875399e-09 1.69498801314e-18
16.5 0.00866641976038 -6.76702075848e-05 6.2708811241e-09 5.64542028567e-17
16.6 0.00864155709695 -6.70481178497e-05 6.53711223641e-09 1.39167935678e-17
16.7 0.00861652639054 -6.76226388806e-05 6.85849845643e-09 -1.10505520603e-17
16.8 0.00859066179306 -6.93807126193e-05 7.22443265365e-09 -3.24809015649e-18
16.9 0.00856331836589 -7.22356862542e-05 7.62055283774e-09 -1.35931076269e-16
17 0.00853391428884 -7.60273155659e-05 8.02933351803e-09 2.8961087152e-18
17.1 0.00850197148543 -8.05271375519e-05 8.43089272766e-09 2.40193992562e-17
17.2 0.00846715195474 -8.54493609107e-05 8.80391716198e-09 -4.70500991063e-17
17.3 0.00842928687189 -9.04666313888e-05 9.12678691472e-09 -9.39317292446e-18
17.4 0.00838839604768 -9.52293042601e-05 9.37872936276e-09 3.7918887819e-17
17.5 0.00834469614845 -9.93868096513e-05 9.54099490137e-09 4.33343679353e-17
17.6 0.00829859653814 -0.000102609665142 9.59794954301e-09 9.88152976299e-17
17.7 0.00825068240708 -0.000104610261311 9.53807440026e-09 2.29696123204e-17
17.8 0.00820168619533 -0.00010516034291 9.35474471204e-09 1.91858763216e-17
17.9 0.0081524495888 -0.000104104007706 9.0467883011e-09 1.69324403317e-17
18 0.00810387871753 -0.000101366599264 8.61875557043e-09 -4.16010328938e-17
18.1 0.00805689475306 -9.69603249827e-05 8.08084494223e-09 -6.24280124925e-17
18.2 0.00801238189391 -9.09867104331e-05 7.44854080794e-09 -2.06750978666e-17
18.3 0.00797113524595 -8.36350745199e-05 6.74191619602e-09 -3.83914413417e-17
18.4 0.00793381178376 -7.51759770618e-05 5.98467219059e-09 1.22403228793e-17
18.5 0.00790088774574 -6.59488182176e-05 5.2029566378e-09 5.1540010655e-17
18.6 0.00787262580088 -5.63434756435e-05 4.42402341988e-09 -4.1911720637e-17
18.7 0.00784905514813 -4.6777099209e-05 3.67483176761e-09 -4.17717083123e-17
18.8 0.00782996690695 -3.76683931733e-05 2.98067513111e-09 -1.73464862538e-17
18.9 0.00781492522494 -2.9412221904e-05 2.36388471404e-09 1.24391896178e-17
19 0.00780329248445 -2.235700886e-05 1.84275913617e-09 -4.2444489871e-17
19.1 0.00779426584395 -1.67865498799e-05 1.43069562391e-09 -5.85169033357e-17
19.2 0.0077869224943 -1.29069110437e-05 1.13562855075e-09 -6.34362499811e-17
19.3 0.0077802711787 -1.08384250969e-05 9.59800054077e-10 -6.86402345062e-18
19.4 0.00777330744647 -1.06125287024e-05 8.99822598793e-10 -2.46491793432e-17
19.5 0.00776506930293 -1.21732547058e-05 9.47035527949e-10 2.242500919e-17
19.6 0.00775468969085 -1.53828913897e-05 1.08815504996e-09 1.29981387121e-17
19.7 0.00774144200658 -2.003104151e-05 1.30610099822e-09 -4.91400816303e-17
19.8 0.00772477559517 -2.58465621139e-05 1.58098338097e-09 -2.02753927795e-17
19.9 0.00770433933358 -3.25122919206e-05 1.89118590571e-09 1.48588699003e-17
20 0.00767999269816 -3.96823222384e-05 2.21444803766e-09 -1.95802690576e-17
20.1 0.00765180474092 -4.70009081823e-05 2.52892216831e-09 -3.66770319528e-17
20.2 0.00762004209367 -5.41215462267e-05 2.81413289046e-09 8.16846470542e-18
20.3 0.00758514729919 -6.07247246225e-05 3.05180294059e-09 7.25273350007e-17
20.4 0.00754770907037 -6.65333132179e-05 3.22652534423e-09 4.66961071295e-18
20.5 0.00750842583246 -7.13249266311e-05 3.32625586669e-09 -5.61094107385e-17
20.6 0.00746806457576 -7.49410786004e-05 3.34261898085e-09 -1.85656957616e-17
20.7 0.0074274173596 -7.72927128425e-05 3.27105583035e-09 1.48513638384e-18
20.8 0.00738725853379 -7.83615697619e-05 3.11078191276e-09 -5.31799580066e-17
20.9 0.00734830589445 -7.81970018536e-05 2.86466400998e-09 -9.86843055756e-18
21 0.00731118850546 -7.69083645236e-05 2.5389280526e-09 -7.39170102583e-17
21.1 0.00727642263931 -7.465363743e-05 2.14280265961e-09 -6.82123887445e-17
21.2 0.00724439601207 -7.16254951386e-05 1.6880782742e-09 -3.61329448738e-18
21.3 0.00721535982344 -6.80363730359e-05 1.18865446153e-09 6.83448527494e-18
21.4 0.00718942799637 -6.41044171516e-05 6.60006442616e-10 -8.22612176368e-17
21.5 0.00716658282601 -6.00420310939e-05 1.18651102245e-10 -3.76817522009e-17
21.6 0.00714668580783 -5.60479656012e-05 -4.18376540973e-10 -1.28781197749e-17
21.7 0.00712949225667 -5.23024104337e-05 -9.34070623662e-10 -4.09607574587e-18
21.8 0.00711466841434 -4.89634532575e-05 -1.41196805799e-09 2.58079955771e-17
21.9 0.00710181040885 -4.61633824104e-05 -1.83665986533e-09 1.93194752843e-17
22 0.00709046477785 -4.40047777074e-05 -2.19424792486e-09 3.63899148963e-17
22.1 0.00708015021224 -4.25573971356e-05 -2.47276996714e-09 -1.20961993542e-16
22.2 0.00707037972124 -4.18566469525e-05 -2.66259411859e-09 -3.28871715579e-17
22.3 0.00706068179608 -4.19037096614e-05 -2.75670570201e-09 5.19795749142e-17
22.4 0.00705061920415 -4.26665911687e-05 -2.750965611e-09 -4.64373471146e-17
22.5 0.00703980397355 -4.40818204473e-05 -2.64427897397e-09 3.49301283806e-17
22.6 0.00702790815953 -4.60569746561e-05 -2.4386791523e-09 -9.46158158555e-17
22.7 0.0070146707046 -4.8474564671e-05 -2.13934755712e-09 -5.27526935293e-17
22.8 0.00699990143371 -5.11974260671e-05 -1.75452288035e-09 -1.72669041914e-17
22.9 0.00698348303573 -5.40755053064e-05 -1.29537522079e-09 -7.82264239597e-17
23 0.00696537138285 -5.69532939178e-05 -7.75765936148e-10 -2.7929503705e-18
23.1 0.00694559387694 -5.96774876241e-05 -2.11973918888e-10 -2.3417910735e-17
23.2 0.00692424547856 -6.21046056268e-05 3.77696703655e-10 -3.94586243085e-17
23.3 0.00690148248829 -6.41082836496e-05 9.73303100444e-10 -8.57747482308e-17
23.4 0.00687751431063 -6.55855409067e-05 1.55379382183e-09 -3.74169232533e-17
23.5 0.00685259334133 -6.64611986408e-05 2.09755532894e-09 -4.82276281183e-17
23.6 0.00682700335596 -6.66901196818e-05 2.58307307846e-09 -1.10574855022e-16
23.7 0.00680104722222 -6.62576191221e-05 2.98961120076e-09 -4.52985223963e-17
23.8 0.00677503460335 -6.51786035565e-05 3.29798826153e-09 2.51414488539e-17
23.9 0.0067492695283 -6.34958141895e-05 3.49135829126e-09 5.17337357178e-17
24 0.0067240372264 -6.12771292519e-05 3.55601289049e-09 -3.97902283354e-17
24.1 0.00669959001163 -5.86116016057e-05 3.48212033316e-09 -9.76998067419e-17
24.2 0.00667613322638 -5.56039625813e-05 3.26444130838e-09 -1.70159494627e-17
24.3 0.00665381336924 -5.23677638404e-05 2.90285937378e-09 3.62435034507e-17
24.4 0.00663271072941 -4.90177488145e-05 2.40276644592e-09 -5.481872126e-17
24.5 0.00661283793972 -4.5662204366e-05 1.77523560905e-09 1.41240870306e-17
24.6 0.00659414435854 -4.23961747176e-05 1.03692142779e-09 -5.09280273104e-18
24.7 0.00657652487506 -3.92965505468e-05 2.09678672428e-10 -9.77215829306e-17
24.8 0.00655983117948 -3.64197956398e-05 -6.80087071664e-10 -1.13663993739e-17
24.9 0.00654388386675 -3.38022561509e-05 -1.60232796764e-09 -3.45057241805e-17
25 0.00652848437243 -3.14620871567e-05 -2.52449850128e-09 1.07710478013e-16
25.1 0.00651342624181 -2.94015037541e-05 -3.4128764195e-09 -6.03504863247e-17
25.2 0.00649850578843 -2.76085491687e-05 -4.23395136411e-09 -2.42829313642e-17
25.3 0.00648353280657 -2.6058430275e-05 -4.95587789249e-09 8.43561592962e-17
25.4 0.00646834201805 -2.47151603689e-05 -5.54987244732e-09 2.39043177562e-17
25.5 0.00645280473726 -2.35343660223e-05 -5.99146255553e-09 -9.09620097704e-18
25.6 0.00643683886808 -2.24677551548e-05 -6.26155158243e-09 1.55221914684e-17
25.7 0.00642041439013 -2.14690152121e-05 -6.34724099221e-09 -3.43359691166e-17
25.8 0.00640355257649 -2.05004983867e-05 -6.2423571266e-09 3.47186510204e-17
25.9 0.00638631909615 -1.95397224885e-05 -5.94767780527e-09 -7.5109460177e-18
26 0.00636881256245 -1.85845583681e-05 -5.47083689675e-09 -4.29082513214e-17
26.1 0.00635115041382 -1.76560237779e-05 -4.82595473656e-09 -2.63344710716e-17
26.2 0.00633345358882 -1.67978837942e-05 -4.03298674497e-09 6.87247252357e-17
26.3 0.00631583142653 -1.60728991996e-05 -3.11686631317e-09 1.60433348143e-17
26.4 0.00629836805782 -1.55562012603e-05 -2.10645691576e-09 2.15681268058e-17
26.5 0.00628111141278 -1.53266914733e-05 -1.03342293797e-09 3.54161852431e-17
26.6 0.00626406581033 -1.5457501437e-05 6.90095976095e-11 1.90610760508e-17
26.7 0.00624718890609 -1.60067125349e-05 1.16727091213e-09 1.38318003848e-17
26.8 0.00623039330543 -1.70095751612e-05 2.22866185751e-09 -1.55161005299e-17
26.9 0.00621355309128 -1.84727124022e-05 3.22246612688e-09 -5.18011308527e-17
27 0.00619651443343 -2.03705555256e-05 4.12098822459e-09 1.36390724778e-16
27.1 0.00617910973036 -2.2643935267e-05 4.90043941045e-09 7.29938608225e-17
27.2 0.00616117408324 -2.52013788833e-05 5.54166729413e-09 -4.19176305723e-17
27.3 0.00614256344346 -2.79229314611e-05 6.03071476225e-09 3.92657672495e-17
27.4 0.00612317298435 -3.06665157859e-05 6.35917334185e-09 3.70248483701e-18
27.5 0.00610295398843 -3.32760987125e-05 6.52435661461e-09 2.02874322937e-17
27.6 0.00608192720976 -3.55913569461e-05 6.52926435729e-09 -1.31982822905e-17
27.7 0.00606019093146 -3.7458511429e-05 6.38233225309e-09 -2.24322212498e-19
27.8 0.00603792275885 -3.87416703237e-05 6.09699107428e-09 -5.88532940509e-17
27.9 0.00601537449448 -3.93333175445e-05 5.69105589696e-09 -4.33822030262e-18
28 0.00599286072512 -3.9163348398e-05 5.18594624352e-09 5.67393708041e-17
28.1 0.00597074160422 -3.82055811963e-05 4.60577958709e-09 -4.1729999117e-18
28.2 0.00594940086365 -3.64812544295e-05 3.97635597383e-09 1.69018506981e-17
28.3 0.00592922048028 -3.40591327129e-05 3.32412759862e-09 -5.10895347624e-17
28.4 0.00591055386615 -3.10523683254e-05 2.67513079692e-09 8.05228888927e-17
28.5 0.005893699811 -2.76125506513e-05 2.0539611472e-09 -1.8741691698e-17
28.6 0.00587887933127 -2.39215644053e-05 1.48287831481e-09 -5.44453277438e-17
28.7 0.00586621699167 -2.01818725261e-05 9.80964493499e-10 -2.26189602615e-18
28.8 0.00585572740117 -1.66056685808e-05 5.63527924973e-10 7.13541973927e-18
28.9 0.00584730835039 -1.34027360607e-05 2.41645048349e-10 5.62396749251e-19
29 0.00584074126743 -1.07674464184e-05 2.19239979778e-11 -3.7607423921e-17
29.1 0.00583569994394 -8.86585922646e-06 -9.35275163826e-11 -5.3697897205e-17
29.2 0.0058317675663 -7.82498193677e-06 -1.06921969168e-10 -9.70498249838e-17
29.3 0.00582846041695 -7.72504244244e-06 -2.44551383287e-11 1.28213017296e-17
29.4 0.00582525657398 -8.59563510833e-06 1.44210588109e-10 -1.28679743967e-17
29.5 0.00582162732193 -1.04154071194e-05 3.86568454973e-10 -3.5056660977e-17
29.6 0.00581706865676 -1.31149403314e-05 6.87965995666e-10 -4.8104580908e-17
29.7 0.00581113034567 -1.65823168035e-05 1.03235185541e-09 2.01910949e-17
29.8 0.00580344049721 -2.06707849701e-05 1.40299309201e-09 9.48773658631e-17
29.9 0.00579372450878 -2.52078164606e-05 1.78318947114e-09 1.8571064422e-17
30 0.00578181791901 -3.00049124851e-05 2.15691924714e-09 -4.68437959348e-17
30.1 0.00576767282637 -3.48677955419e-05 2.50935768776e-09 -2.39421865098e-18
30.2 0.00575135782364 -3.96062358296e-05 2.82735066871e-09 5.98111375753e-17
30.3 0.00573305122469 -4.40427470762e-05 3.09974998095e-09 -3.73278988011e-17
30.4 0.00571302783411 -4.80204196984e-05 3.31765415975e-09 7.16572707827e-17
30.5 0.00569164025579 -5.14099450634e-05 3.47452834398e-09 2.35430355673e-17
30.6 0.00566929594776 -5.41147762149e-05 3.56624118497e-09 7.56327233077e-17
30.7 0.0056464317301 -5.60742948939e-05 3.59102917946e-09 7.33284614702e-17
30.8 0.0056234886003 -5.7263643156e-05 3.54936126423e-09 1.24367644311e-17
30.9 0.00560088794677 -5.76911648849e-05 3.44375645677e-09 5.3341365934e-17
31 0.00557901241439 -5.73934915862e-05 3.27857503365e-09 -2.60274385917e-17
31.1 0.00555819008226 -5.64304225991e-05 3.05975140705e-09 -1.01471321265e-17
31.2 0.0055386833306 -5.48804029559e-05 2.79452380848e-09 -5.74446608373e-17
31.3 0.00552068261411 -5.28344799955e-05 2.49118586016e-09 5.34426088923e-17
31.4 0.00550430371957 -5.03906923318e-05 2.15878030651e-09 7.57720361414e-17
31.5 0.00548958921662 -4.76483190468e-05 1.80686998842e-09 3.42862436544e-17
31.6 0.00547651360761 -4.47025277063e-05 1.44526821564e-09 1.55253252152e-17
31.7 0.00546499033065 -4.16413003737e-05 1.08381356858e-09 5.51274521256e-17
31.8 0.00545488142417 -3.85425567317e-05 7.32164419403e-10 -7.06202690265e-18
31.9 0.00544600907287 -3.54750299299e-05 3.99602449742e-10 -9.85195531742e-18
32 0.00543816616263 -3.24994918991e-05 9.48409731864e-11 -4.11848035892e-17
32.1 0.00543112579804 -2.96702233848e-05 -1.74118403428e-10 -1.79677881988e-17
32.2 0.0054246508132 -2.70359776704e-05 -4.00157481635e-10 2.0295882322e-17
32.3 0.00541850304904 -2.4639573146e-05 -5.77163729977e-10 -3.70516279562e-17
32.4 0.00541245254281 -2.25165900067e-05 -7.00157302507e-10 -8.08170080798e-18
32.5 0.00540628574066 -2.0693831282e-05 -7.65401933924e-10 1.46268612738e-17
32.6 0.00539981159656 -1.91883046819e-05 -7.7048010843e-10 -3.75150024027e-17
32.7 0.00539286525489 -1.80066942866e-05 -7.14358722044e-10 1.04297496363e-18
32.8 0.00538530988718 -1.71450809854e-05 -5.97375940816e-10 -1.71164659957e-17
32.9 0.00537703784624 -1.65886776856e-05 -4.21258102697e-10 2.75250363196e-17
33 0.00536797178091 -1.63117247317e-05 -1.89016484722e-10 4.18439842474e-17
33.1 0.00535806562937 -1.62779840025e-05 9.51569373244e-11 2.50121763692e-17
33.2 0.00534730498142 -1.6442296601e-05 4.26064879742e-10 3.96415075805e-17
33.3 0.00533570637189 -1.67534290302e-05 7.97687025828e-10 2.12622376663e-17
33.4 0.00532331546543 -1.71579421365e-05 1.20343135026e-09 -4.88811688162e-18
33.5 0.00531020435508 -1.76043521013e-05 1.63637297546e-09 1.541290791e-17
33.6 0.00529646828053 -1.80466605026e-05 2.08949849314e-09 2.341653799e-17
33.7 0.00528222199843 -1.84465917642e-05 2.55592469723e-09 -1.27925507294e-17
33.8 0.0052675959233 -1.87745158546e-05 3.02910557154e-09 1.80017240581e-17
33.9 0.00525273194125 -1.90096419229e-05 3.50297218384e-09 -3.70720962433e-17
34 0.00523777847805 -1.91401386883e-05 3.97203723958e-09 -5.71456292484e-17
34.1 0.00522288435628 -1.91633356136e-05 4.4314337389e-09 6.18160859454e-17
34.2 0.00520819153766 -1.90856659899e-05 4.87690977097e-09 1.46754542887e-17
34.3 0.00519382783997 -1.89220039548e-05 5.30479582035e-09 -4.27986165046e-17
34.4 0.00517990101771 -1.86942269982e-05 5.7119239202e-09 1.36519704549e-17
34.5 0.00516649647089 -1.8431299349e-05 6.09553871697e-09 9.29759416416e-18
34.6 0.0051536738762 -1.81634871024e-05 6.45322226245e-09 -9.32957183741e-18
34.7 0.00514146975063 -1.79229256232e-05 6.78281473527e-09 9.02165882429e-18
34.8 0.00512989743447 -1.77393566417e-05 7.08236386188e-09 5.0344666124e-17
34.9 0.00511894809001 -1.76366332534e-05 7.35011593046e-09 -1.24626783754e-17
35 0.00510859207249 -1.76298746443e-05 7.58453426201e-09 -4.24006581162e-17
35.1 0.00509878140693 -1.77236203159e-05 7.78435573959e-09 -5.7138050112e-18
35.2 0.005089453573 -1.79111908426e-05 7.94865410424e-09 7.16448002368e-17
35.3 0.0050805361462 -1.81753361515e-05 8.07695146083e-09 -2.3038110998e-17
35.4 0.00507195165231 -1.84899859642e-05 8.16929655418e-09 -7.84228747022e-17
35.5 0.00506362192031 -1.88230160989e-05 8.22637339369e-09 -3.57866168934e-17
35.6 0.00505547225568 -1.91395195821e-05 8.24955907875e-09 -2.61288717772e-17
35.7 0.00504743443561 -1.94056557462e-05 8.24093466909e-09 4.67682035109e-17
35.8 0.00503944928187 -1.95927720349e-05 8.20329430107e-09 -2.9577301649e-17
35.9 0.00503146765076 -1.96814794363e-05 8.14005297349e-09 8.5228778221e-18
36 0.00502344983777 -1.96650330586e-05 8.05515595797e-09 4.1240059281e-17
36.1 0.00501536350193 -1.95512093628e-05 7.95290484521e-09 2.07219524946e-17
36.2 0.00500718036083 -1.93619636897e-05 7.83776991248e-09 -2.76761743138e-17
36.3 0.00499887234845 -1.91313390799e-05 7.71417246169e-09 3.05662699871e-17
36.4 0.00499040804441 -1.89018289953e-05 7.58626080136e-09 4.69554425595e-18
36.5 0.00498174966591 -1.87194748973e-05 7.45768547361e-09 -1.85857933497e-17
36.6 0.00497285098928 -1.86287436467e-05 7.33143623013e-09 1.68666975043e-17
36.7 0.00496365639439 -1.86659128305e-05 7.20967683165e-09 4.64420351602e-17
36.8 0.00495410617921 -1.88600316826e-05 7.09366871387e-09 -1.89277002789e-16
36.9 0.00494413630133 -1.92211781091e-05 6.98374491612e-09 2.88133247058e-17
37 0.00493368831955 -1.97428386722e-05 6.8793614151e-09 3.27996519507e-17
37.1 0.0049227162912 -2.04008860552e-05 6.77919738533e-09 -2.07245371269e-17
37.2 0.00491119357075 -2.11545916862e-05 6.68132285593e-09 4.41748491734e-17
37.3 0.00489911883 -2.19493543482e-05 6.58340851533e-09 -2.51765708716e-17
37.4 0.00488652113949 -2.27205736293e-05 6.48294009722e-09 2.45163006949e-17
37.5 0.00487346377021 -2.33985683353e-05 6.3774553869e-09 5.56904158493e-18
37.6 0.00486004589843 -2.39140629481e-05 6.26475440473e-09 6.41854058329e-17
37.7 0.00484640166638 -2.42037555664e-05 6.14308038597e-09 -1.40829154099e-17
37.8 0.0048326958422 -2.42157768542e-05 6.01124319836e-09 -1.82522711524e-17
37.9 0.00481911756846 -2.39150291445e-05 5.86869259419e-09 -9.93138681394e-17
38 0.00480586835222 -2.32877613126e-05 5.71552054122e-09 5.23891469023e-17
38.1 0.0047931514473 -2.23457210216e-05 5.5524017652e-09 4.02269795979e-17
38.2 0.00478115678882 -2.11273906641e-05 5.38052495544e-09 -5.45439378615e-17
38.3 0.00477004716565 -1.9696987202e-05 5.20142736679e-09 -4.06269651664e-17
38.4 0.00475994524605 -1.81404323919e-05 5.01686509124e-09 5.40430302843e-18
38.5 0.00475092287797 -1.65592201806e-05 4.82866112981e-09 1.25002385449e-17
38.6 0.00474299352308 -1.50629589191e-05 4.63860011781e-09 5.04593127683e-17
38.7 0.00473610866401 -1.37611678906e-05 4.44832267432e-09 -7.06423557953e-17
38.8 0.00473015845117 -1.27552033496e-05 4.2592950824e-09 3.16480762446e-17
38.9 0.0047249766481 -1.21307018801e-05 4.07280282677e-09 5.60722640082e-18
39 0.00472034995031 -1.19504968107e-05 3.88998427047e-09 1.42203248341e-17
39.1 0.00471603085166 -1.22487355751e-05 3.71191752679e-09 6.3593585871e-18
39.2 0.0047117530884 -1.30271306567e-05 3.53970552746e-09 -7.31599034934e-19
39.3 0.00470724859756 -1.42535570183e-05 3.37456814059e-09 -1.75709250989e-17
39.4 0.00470226300672 -1.58642028638e-05 3.21792613728e-09 -5.95886948597e-18
39.5 0.00469657165981 -1.77678035179e-05 3.07145827836e-09 -6.53664025393e-17
39.6 0.00468999265171 -1.9851840829e-05 2.93710944245e-09 -8.38309694453e-17
39.7 0.00468239748909 -2.19903602483e-05 2.81705986811e-09 2.25968335232e-17
39.8 0.00467371859502 -2.40528040421e-05 2.71364794005e-09 7.44283799453e-17
39.9 0.00466395308639 -2.59128593765e-05 2.62924465933e-09 -1.57211522733e-17
40 0.00465316262633 -2.74566046693e-05 2.56611214353e-09 1.35532168782e-16
40.1 0.00464146944825 -2.85894189767e-05 2.52622462906e-09 -2.98589636986e-17
40.2 0.00462904858851 -2.92414468347e-05 2.51110141273e-09 7.77725360293e-17
40.3 0.00461611692488 -2.93713146315e-05 2.52164367067e-09 -1.8083781366e-17
40.4 0.00460291972549 -2.89681799261e-05 2.55799978916e-09 -1.81333749169e-17
40.5 0.00458971599895 -2.80522701242e-05 2.61948507407e-09 6.46915770565e-18
40.6 0.00457676168885 -2.66728362617e-05 2.7045400486e-09 -3.82784476821e-17
40.7 0.00456429623522 -2.49056564142e-05 2.81072143068e-09 6.21946227277e-17
40.8 0.00455252746215 -2.28474536214e-05 2.9347859411e-09 -4.83071910033e-17
40.9 0.00454162088583 -2.06094802994e-05 3.07279200642e-09 6.10459482167e-17
41 0.00453169193031 -1.83103838781e-05 3.22024300743e-09 -1.16518726977e-16
41.1 0.00452280124449 -1.6068907057e-05 3.3722638401e-09 2.61301652696e-18
41.2 0.00451495342656 -1.39970527167e-05 3.52380388125e-09 3.09979325377e-17
41.3 0.00450809879997 -1.21937616233e-05 3.66982317929e-09 -9.52188445796e-17
41.4 0.00450213816662 -1.07398603814e-05 3.80551115784e-09 -4.78726226684e-17
41.5 0.00449692994839 -9.69392049715e-06 3.9264408581e-09 5.23818553735e-17
41.6 0.00449229938026 -9.08960341279e-06 4.02876709791e-09 3.9294069191e-17
41.7 0.00448804921615 -8.93477779858e-06 4.10934499984e-09 -5.07822056471e-17
41.8 0.00448397148344 -9.21242601504e-06 4.16583734999e-09 -3.39718466326e-18
41.9 0.00447985934205 -9.88380908014e-06 4.19681694628e-09 1.36071337335e-16
42 0.00447551809834 -1.08931222535e-05 4.20180204534e-09 2.80111783154e-17
42.1 0.00447077487451 -1.21723876143e-05 4.18124919611e-09 -1.99541094152e-17
42.2 0.00446548629109 -1.36467672924e-05 4.13654174165e-09 -1.80542229672e-17
42.3 0.00445954378856 -1.52389207361e-05 4.06992461412e-09 4.81159576948e-18
42.4 0.00445287653979 -1.68730138471e-05 3.98438311526e-09 3.94591168503e-17
42.5 0.00444545224434 -1.8478245938e-05 3.88353814499e-09 -2.80786458858e-17
42.6 0.00443727596689 -1.99921838319e-05 3.77145057055e-09 -1.53712208196e-17
42.7 0.00442838721139 -2.13631309682e-05 3.65246310777e-09 -9.99331716525e-18
42.8 0.00441885553533 -2.25521432032e-05 3.53099335738e-09 -1.91737956464e-17
42.9 0.00440877452446 -2.3533760222e-05 3.41136237802e-09 1.25694785162e-17
43 0.00439825498513 -2.4295889136e-05 3.2976001879e-09 -1.64045607092e-17
43.1 0.00438741793237 -2.4838969773e-05 3.19330101426e-09 -1.95873238292e-17
43.2 0.00437638829673 -2.51741497113e-05 3.10149831855e-09 -2.73744820413e-17
43.3 0.00436528969998 -2.53210446127e-05 3.02459769782e-09 -1.05882485645e-17
43.4 0.00435424069384 -2.53052560133e-05 2.96430691488e-09 2.06743719374e-17
43.5 0.00434335207796 -2.51555028253e-05 2.92166600353e-09 8.43919914555e-19
43.6 0.00433272551324 -2.49023045913e-05 2.89705911264e-09 2.42992544912e-18
43.7 0.00432245170291 -2.45765368618e-05 2.89028183191e-09 -4.97321997103e-17
43.8 0.00431260912008 -2.42088196179e-05 2.90062635098e-09 -4.45740693322e-17
43.9 0.00430326145978 -2.38297463002e-05 2.92694541877e-09 -4.30592747632e-17
44 0.00429445595015 -2.34689273473e-05 2.9677746279e-09 -1.69061886478e-17
44.1 0.00428622168923 -2.3155004073e-05 3.021381002e-09 -8.73756279532e-18
44.2 0.00427856872743 -2.29151403719e-05 3.08583742083e-09 -9.02696485771e-18
44.3 0.00427148923449 -2.27743378667e-05 3.15907405322e-09 6.99712207597e-17
44.4 0.00426495374476 -2.27528224917e-05 3.23892133487e-09 2.312694303e-18
44.5 0.00425891762533 -2.28670789123e-05 3.32312185735e-09 4.12172425165e-18
44.6 0.00425332001976 -2.31272246184e-05 3.40937121157e-09 5.72798312653e-18
44.7 0.00424808548465 -2.35370663821e-05 3.49534701547e-09 1.65469403795e-17
44.8 0.00424312592883 -2.40938568606e-05 3.57874869391e-09 -1.86855545655e-17
44.9 0.00423834308246 -2.47882198926e-05 3.65735823002e-09 -4.63512088379e-18
45 0.00423363158413 -2.56038335754e-05 3.72908562543e-09 1.31617628479e-17
45.1 0.00422888239106 -2.65169056043e-05 3.79206946094e-09 -5.00983279028e-17
45.2 0.00422398637828 -2.74955882032e-05 3.84475028748e-09 -2.5387140994e-17
45.3 0.00421883836979 -2.85001071927e-05 3.88594795391e-09 -3.84074759666e-17
45.4 0.00421334214853 -2.94832173265e-05 3.9149244384e-09 -2.60776195345e-17
45.5 0.00420741416174 -3.0393155523e-05 3.93142598377e-09 -1.19478711794e-17
45.6 0.00420098997187 -3.11764791937e-05 3.93570771874e-09 1.19862033974e-17
45.7 0.00419402738224 -3.17818335805e-05 3.92849827809e-09 -1.00449921747e-17
45.8 0.00418650892038 -3.21638216057e-05 3.91095043603e-09 -2.70388629573e-17
45.9 0.00417844267068 -3.22863912017e-05 3.88452661821e-09 1.15312868414e-17
46 0.00416986159632 -3.21255055908e-05 3.85089952528e-09 -3.84320193295e-17
46.1 0.00416082155888 -3.16706964679e-05 3.81181070387e-09 2.14967228461e-17
46.2 0.00415139826639 -3.09254705569e-05 3.76891233086e-09 6.85279149085e-17
46.3 0.00414168309024 -2.99067826021e-05 3.72363957402e-09 -2.33709906934e-17
46.4 0.00413177825968 -2.86439809172e-05 3.67709536883e-09 -2.21585723497e-17
46.5 0.00412179068178 -2.71769121839e-05 3.62994854579e-09 8.98147493297e-19
46.6 0.00411182715992 -2.55543899208e-05 3.58242483739e-09 3.30689864077e-17
46.7 0.00410198897336 -2.38315407141e-05 3.53429186757e-09 2.03364426962e-17
46.8 0.00409236808769 -2.20668134298e-05 3.48491089403e-09 1.11560526365e-16
46.9 0.00408304434679 -2.03186154362e-05 3.43333159936e-09 6.18537989857e-17
47 0.00407408377496 -1.86415699018e-05 3.37841684617e-09 -1.92581413098e-17
47.1 0.00406553748971 -1.70833448655e-05 3.31899526989e-09 -2.44526645312e-17
47.2 0.00405744144812 -1.56822097369e-05 3.25401176344e-09 -6.5862658343e-17
47.3 0.00404981662158 -1.44656628718e-05 3.18267736806e-09 -8.55499108339e-18
47.4 0.00404266962905 -1.34500625032e-05 3.10459652622e-09 -1.84552780377e-17
47.5 0.0040359938231 -1.26410398305e-05 3.01986025865e-09 9.79088027572e-18
47.6 0.00402976962667 -1.20345273618e-05 2.92909911599e-09 3.22778799072e-17
47.7 0.00402396638854 -1.16178602568e-05 2.83350398864e-09 -4.79918299264e-17
47.8 0.00401854363234 -1.137115725e-05 2.73477243169e-09 3.29474702232e-17
47.9 0.00401340867999 -1.13477224284e-05 2.63504317701e-09 -4.82735406226e-17
48 0.00400831677171 -1.14903469061e-05 2.53674848598e-09 1.49626536195e-17
48.1 0.00400318400594 -1.15109802779e-05 2.44250006146e-09 -3.30255904962e-17
48.2 0.00399819201996 -1.15222058175e-05 2.35489663183e-09 9.29435355115e-18
48.3 0.00399331844477 -1.17089666842e-05 2.27635392893e-09 2.00226366568e-17
48.4 0.00398584868313 -1.15130596748e-05 2.20895311019e-09 -3.55735212972e-17
48.5 0.00397874861748 -1.17837680823e-05 2.15427722305e-09 -8.05910113363e-18
48.6 0.00397173930117 -1.23635346932e-05 2.11331520123e-09 2.21459066572e-18
48.7 0.00393814387882 -2.44916211251e-05 2.08635500294e-09 6.96362779164e-17
48.8 0.00393035152913 -2.40566435907e-05 2.07296734005e-09 -9.11637632618e-18
48.9 0.0039244063187 -2.48248853048e-05 2.07197731975e-09 4.81989784394e-18
49 0.0039176638007 -2.50681575863e-05 2.08153810197e-09 -1.30799132698e-17
49.1 0.00391042333644 -2.50309768472e-05 2.09921697446e-09 1.83210875502e-17
49.2 0.00390380930837 -2.51882746815e-05 2.12209127488e-09 3.29861997926e-17
49.3 0.00389649059802 -2.57307925474e-05 2.14693795945e-09 4.85606295785e-18
49.4 0.00388873844549 -2.59507542341e-05 2.17039316675e-09 -7.97324974442e-17
49.5 0.00388073176381 -2.56373394027e-05 2.18914397218e-09 -3.00268181763e-17
49.6 0.003870588055 -2.57562137139e-05 2.20012711558e-09 -9.6949055535e-18
49.7 0.00386186153034 -2.54219747069e-05 2.20070654858e-09 4.07789211555e-17
49.8 0.00385286043275 -2.52190842734e-05 2.18883433446e-09 2.52145592041e-17
49.9 0.00384283609583 -2.47543042209e-05 2.16319616929e-09 6.83095232691e-17
50 0.0038333338957 -2.39791525388e-05 2.12328390722e-09 -4.51319923259e-17
50.1 0.00382288969397 -2.48800761539e-05 2.0694672821e-09 2.24395003195e-17
50.2 0.00381380332553 -2.43684359694e-05 2.00299150156e-09 1.98333152422e-17
50.3 0.00380320936952 -2.42503175798e-05 1.92591606391e-09 1.524901807e-18
50.4 0.003794306044 -2.33911320937e-05 1.84103088189e-09 5.30824827081e-18
50.5 0.00378600253087 -2.25152610727e-05 1.75168294174e-09 -3.75116093454e-17
50.6 0.00377856109106 -2.18462193055e-05 1.66161967736e-09 2.27205942703e-17
50.7 0.00377119321173 -2.08675910357e-05 1.57476430603e-09 -1.64136327892e-17
50.8 0.00376441837655 -1.92444120596e-05 1.49499415074e-09 7.89560539157e-17
50.9 0.00375820879744 -1.91212324792e-05 1.42592149183e-09 3.90033711322e-17
51 0.003751824607 -1.88466532861e-05 1.37066248314e-09 -9.41774915629e-17
51.1 0.00374660702573 -1.90772734954e-05 1.33165755115e-09 5.72553237792e-17
51.2 0.00374039775898 -1.96174595178e-05 1.3105277973e-09 -2.71604123533e-17
51.3 0.00373621180323 -2.00911678444e-05 1.30797148789e-09 -2.74580197272e-17
51.4 0.00373097255545 -2.10988147306e-05 1.32372451743e-09 -3.03500603903e-17
51.5 0.00372649169603 -2.26182188725e-05 1.35658123007e-09 1.62877011749e-19
51.6 0.00372101306999 -2.40784802661e-05 1.40446103605e-09 5.46721714763e-17
51.7 0.00371637614051 -2.4933679265e-05 1.46454575148e-09 -4.9068805785e-17
51.8 0.00371201657456 -2.64126116273e-05 1.53344691722e-09 -6.24153753224e-17
51.9 0.00370782032031 -2.77309368991e-05 1.60742445266e-09 6.95387458725e-18
52 0.00370301028679 -2.90460114639e-05 1.6825913083e-09 -2.61983095965e-17
52.1 0.00369734285583 -3.04719054537e-05 1.75516643239e-09 3.58041615088e-17
52.2 0.00369179612494 -3.16732135213e-05 1.821671659e-09 7.55723102207e-17
52.3 0.00368453872684 -3.33273535624e-05 1.87912764081e-09 3.4645323152e-17
52.4 0.00367634105516 -3.43593235788e-05 1.92520926252e-09 -2.06902581138e-18
52.5 0.00366722223762 -3.69032998047e-05 1.95833273562e-09 3.07444351766e-17
52.6 0.0036471927677 -3.50237814373e-05 1.97774507802e-09 2.28128321152e-17
52.7 0.00362991111143 -3.37659213218e-05 1.98346989455e-09 -4.23186708036e-17
52.8 0.00362043056799 -3.26095548585e-05 1.97628830157e-09 2.36323565313e-17
52.9 0.003611934878 -3.21765752415e-05 1.95762011225e-09 -5.34496284251e-17
53 0.00360335265929 -3.10175383111e-05 1.92939863145e-09 3.70407059286e-17
53.1 0.00359517227679 -2.91546943717e-05 1.89390797057e-09 -4.31499499994e-17
53.2 0.00358448177566 -2.84197088333e-05 1.85361755156e-09 4.18139359631e-17
53.3 0.00357281372228 -2.83151525561e-05 1.81101131774e-09 -3.31702746059e-18
53.4 0.00354867705925 -3.67809106098e-05 1.76842214361e-09 -4.82573549557e-17
53.5 0.00353993981908 -3.51573819488e-05 1.72791073923e-09 -5.29428655927e-17
53.6 0.00352981165426 -3.40561945809e-05 1.69114183499e-09 2.51311960758e-17
53.7 0.00352132040362 -3.25826069014e-05 1.65932793095e-09 -2.28481355855e-18
53.8 0.00351245993767 -3.10132980124e-05 1.63318392044e-09 -5.08886170715e-17
53.9 0.00350570515362 -3.03022237193e-05 1.61292499648e-09 -4.70345631322e-17
54 0.00346272716384 -7.82904504923e-05 1.59830141127e-09 -5.83158166421e-19
54.1 0.00345624213266 -7.71163544673e-05 1.58864537562e-09 1.26968111752e-17
54.2 0.00344851290702 -7.63842805871e-05 1.58295870053e-09 -3.25077836393e-17
54.3 0.00344268091306 -7.62908434352e-05 1.57999588626e-09 -7.79260878645e-17
54.4 0.00343720890202 -7.8022081184e-05 1.57837700622e-09 3.31526596446e-17
54.5 0.00343037090981 -7.90017267012e-05 1.5766624504e-09 -6.88269601418e-17
54.6 0.00302570352777 -0.000134721965395 1.57347284258e-09 -4.17005705066e-17
54.7 0.00301753578225 -0.000134476505706 1.56755611658e-09 2.28969459353e-17
54.8 0.00300961193863 -0.000137892876095 1.55787478537e-09 -1.69681807998e-17
54.9 0.00300334023719 -0.000138643069308 1.54364826083e-09 9.03163380166e-18
55 0.00299863886303 -0.000138069193658 1.52439966009e-09 -3.44190005677e-17
55.1 0.00299500329807 -0.000138043526477 1.49995989643e-09 -7.0011717961e-17
55.2 0.00298142742833 -0.000134301493548 1.47050229918e-09 2.86909431734e-17
55.3 0.00297131099445 -0.000134068989233 1.43648775496e-09 -2.47858582975e-17
55.4 0.00296714075749 -0.000134441477595 1.39867394622e-09 2.7400099297e-17
55.5 0.00296191357188 -0.00013254645237 1.35805503875e-09 -8.4636607275e-17
55.6 0.00295597890844 -0.00013252976032 1.31580115314e-09 1.75451503522e-17
55.7 0.00294441552904 -0.000133973478349 1.27321875366e-09 1.51677225581e-17
55.8 0.00293268639788 -0.00013186185351 1.23167056397e-09 8.53190667824e-17
55.9 0.00290344706219 -0.000154353380923 1.19253849048e-09 4.05859299954e-18
56 0.00289984596018 -0.000153054567722 1.15714015458e-09 3.22782538073e-17
56.1 0.00289235766153 -0.000151189205166 1.12666482994e-09 -1.01459821368e-17
56.2 0.00288715404374 -0.000149689555379 1.10216857601e-09 9.52391974476e-17
56.3 0.0028797792091 -0.000151646057255 1.0844953002e-09 -3.32114636248e-17
56.4 0.00287288858103 -0.000149396483235 1.07427550319e-09 5.9812978821e-17
56.5 0.00286320978245 -0.000145165355127 1.07189359329e-09 1.93146554319e-17
56.6 0.00285809044168 -0.000144322386783 1.07750480362e-09 4.86856585323e-17
56.7 0.0028524817368 -0.000142727617632 1.09103969667e-09 4.83023914156e-17
56.8 0.00284771937554 -0.000141720687164 1.11222941151e-09 -5.31662035424e-17
56.9 0.00284256112205 -0.00014068968674 1.14062650239e-09 -4.78115166958e-18
57 0.00283560876609 -0.000143872929661 1.17565365144e-09 -3.0348751957e-17
57.1 0.00282704178701 -0.000148470407665 1.21664186015e-09 -3.42362737513e-17
57.2 0.00281797489572 -0.000151546894812 1.26287224943e-09 6.44041424216e-18
57.3 0.002810205453 -0.000147358431547 1.31363029851e-09 5.97317224918e-17
57.4 0.00280256397876 -0.000146764807128 1.36821668522e-09 -5.06492617891e-17
57.5 0.00279150974386 -0.000145640523525 1.42600856195e-09 7.7500427475e-18
57.6 0.00277380940726 -0.000141080123107 1.486464239e-09 -2.45789908153e-18
57.7 0.00276840395523 -0.000139758423375 1.54915965198e-09 1.74327351194e-17
57.8 0.0026464116758 -0.000139666640393 1.61375945484e-09 1.56260053219e-17
57.9 0.0026410501002 -0.000137373619323 1.68005028852e-09 5.71867295064e-17
58 0.00263201396581 -0.000138915625072 1.7479044647e-09 -1.05629903259e-16
58.1 0.00247984266953 -0.000148066018504 1.81725754696e-09 -4.34704697973e-17
58.2 0.00246652241983 -0.000146150329935 1.88808809462e-09 -2.30563173925e-17
58.3 0.00246053025044 -0.00014539829843 1.96037570172e-09 9.33624866758e-17
58.4 0.00245787635148 -0.000145712962108 2.03407809023e-09 2.26900643808e-17
58.5 0.00245231444712 -0.000145610707543 2.1090745998e-09 -1.59521186824e-18
58.6 0.00244036448971 -0.000147643882744 2.1851455961e-09 8.82168397272e-18
58.7 0.00243407178147 -0.000144054585599 2.26193399058e-09 -4.72386861543e-18
58.8 0.00243143493683 -0.000140302033471 2.3389380266e-09 4.06349327456e-17
58.9 0.00242114096244 -0.000145669326548 2.41549524431e-09 1.66872136736e-17
59 0.00241212191323 -0.000144089024277 2.49077524102e-09 -9.12394178214e-17
59.1 0.00239975391751 -0.000136117468397 2.56382166578e-09 2.81995878027e-18
59.2 0.00239542951899 -0.00013612968975 2.63355129593e-09 -8.20273718863e-18
59.3 0.00238174578017 -0.000124387818782 2.69882359043e-09 2.882799484e-17
59.4 0.00237584886386 -0.000124904165811 2.75846082033e-09 8.45778017792e-17
59.5 0.00237071004354 -0.000122559006596 2.81133192998e-09 -6.0539371881e-17
59.6 0.00236637593073 -0.000121911355915 2.85639585805e-09 5.28785165802e-18
59.7 0.00236153005921 -0.000121607520712 2.89278232453e-09 -1.79554726468e-17
59.8 0.00235448685604 -0.000120117341362 2.9198304495e-09 8.74197003896e-17
59.9 0.0023483766314 -0.00012063026823 2.93714298621e-09 8.98970535196e-17
60 0.00234174537994 -0.000121854228309 2.9446071089e-09 2.68284924017e-17
60.1 0.00233597196204 -0.000119747071439 2.94243143885e-09 6.27239606449e-17
60.2 0.00232312742439 -0.000114313788251 2.93110591775e-09 4.5852627145e-17
60.3 0.00231977376184 -0.000113972588636 2.91139100464e-09 3.36842654734e-17
60.4 0.00231684958478 -0.00011408845761 2.8842685437e-09 -4.41691038408e-17
60.5 0.00231140564649 -0.000114067733443 2.85087141742e-09 2.70906634436e-17
60.6 0.00230827761913 -0.000117139006015 2.81242079612e-09 3.06088843259e-17
60.7 0.00229909809525 -0.000119358272656 2.77012033202e-09 9.25174915807e-18
60.8 0.00229013330612 -0.000116768694312 2.72509843831e-09 -1.77331981696e-17
60.9 0.00228785699938 -0.000115357362943 2.67832988389e-09 2.17397021947e-17
61 0.00228358430624 -0.000115014137638 2.63058859443e-09 9.33401526048e-18
61.1 0.00227981985891 -0.00011366832458 2.58241113955e-09 -3.39276641829e-17
61.2 0.00227615829994 -0.00011427490193 2.53407252989e-09 2.39611964109e-17
61.3 0.002273336151 -0.000114636489462 2.48562944178e-09 3.79227619971e-17
61.4 0.0022703572872 -0.000113751544711 2.43691382801e-09 -2.85666503122e-17
61.5 0.00225034320781 -0.000153232636583 2.38763004177e-09 2.20644417917e-17
61.6 0.00223871183006 -0.000156941218147 2.33739424914e-09 -5.05948647725e-18
61.7 0.00223438343106 -0.000157485154924 2.28581793423e-09 2.99387787419e-17
61.8 0.00223049010565 -0.000156915926448 2.23259138993e-09 -3.29035479538e-18
61.9 0.00222433204337 -0.000161911120339 2.17754213621e-09 2.49804632633e-17
62 0.00221710908678 -0.000164333282516 2.12067061517e-09 9.75156465978e-18
62.1 0.00221197170817 -0.000165401877194 2.0622184529e-09 1.35393354646e-17
62.2 0.00219402824286 -0.0001740353793 2.00266857137e-09 7.42573626799e-18
62.3 0.00218706119891 -0.000175621925695 1.94272772163e-09 -2.06594004109e-17
62.4 0.00218339535056 -0.000175706576686 1.88332371568e-09 -3.09992001877e-17
62.5 0.00217770801109 -0.000178881581646 1.82553347252e-09 -3.07508256227e-17
62.6 0.002160916285 -0.000176500950521 1.77056018487e-09 -6.26952260026e-17
62.7 0.00215785078954 -0.000176806972641 1.71963052652e-09 -1.36204593391e-17
62.8 0.00215367111208 -0.000176984268054 1.67396014858e-09 1.91544834695e-17
62.9 0.00214579526874 -0.000173277128086 1.63465483257e-09 1.25793437098e-18
63 0.00214090251183 -0.00017229558749 1.60266796537e-09 5.61026955985e-18
63.1 0.00213450533051 -0.000172269689923 1.57874062096e-09 1.3415885382e-17
63.2 0.00213104107677 -0.000171090177741 1.56336374295e-09 -9.71390693324e-19
63.3 0.00212566170499 -0.000169516934651 1.55673304869e-09 -3.6484345532e-17
63.4 0.002122858648 -0.000169185335544 1.55874710509e-09 8.38624675213e-19
63.5 0.00211956163618 -0.000168688069498 1.56898912012e-09 6.52976106097e-17
63.6 0.00211547405553 -0.000168244221967 1.58674160865e-09 3.96428206769e-18
63.7 0.00210940901408 -0.000168609413757 1.61101774502e-09 -2.96787407125e-18
63.8 0.0021012439347 -0.000166087934091 1.64056451606e-09 -6.35543026844e-17
63.9 0.00209719642718 -0.000165011619279 1.67393171579e-09 2.33030172488e-17
64 0.00209295502087 -0.000165090943278 1.70949552985e-09 1.22142751921e-17
64.1 0.00208765624885 -0.000163969496578 1.74551285805e-09 -4.21475823668e-17
64.2 0.00208319055737 -0.000162500236793 1.78019537451e-09 -1.62927090423e-17
64.3 0.00207508220125 -0.000158980978713 1.81177409226e-09 9.73875101336e-18
64.4 0.00207140387567 -0.000158992797137 1.83855090374e-09 -2.15846738655e-17
64.5 0.00206817204708 -0.000159109754573 1.85897467788e-09 4.28364074815e-17
64.6 0.00206246949866 -0.000160740979522 1.87170767663e-09 -3.24526903712e-17
64.7 0.00205762915782 -0.00016077452854 1.87566648347e-09 5.64671550131e-17
64.8 0.00205048619882 -0.000163087010068 1.87009592577e-09 -4.43050256042e-17
64.9 0.00204583371065 -0.000161638743787 1.85458736255e-09 2.27203054821e-17
65 0.00204223478408 -0.000161790272653 1.82910091733e-09 -1.02290940869e-17
65.1 0.00203123097225 -0.000159485019735 1.79398179049e-09 4.61420096358e-18
65.2 0.00202443624806 -0.000157107126374 1.74995514342e-09 5.88902483506e-17
65.3 0.0020178684676 -0.000155354119281 1.69807878758e-09 -3.19385962578e-19
65.4 0.00201443256714 -0.000154840921901 1.63972669251e-09 2.92857565873e-17
65.5 0.00201031429849 -0.000154713325918 1.57651755891e-09 -3.44033620592e-18
65.6 0.00200036095603 -0.000153971854662 1.51024889505e-09 6.64628454578e-17
65.7 0.00199724641396 -0.00015420112171 1.44282426768e-09 7.45613643016e-17
65.8 0.00199198445476 -0.000153729454193 1.37617239039e-09 6.62782466269e-17
65.9 0.00198481190482 -0.000150231004736 1.31216422669e-09 3.06457377573e-17
66 0.00197781408779 -0.000150510252809 1.25254608675e-09 -1.92370451151e-17
66.1 0.00197435739812 -0.000150233649424 1.19886856979e-09 -3.76188355612e-18
66.2 0.00196813231618 -0.000151562735728 1.15244380794e-09 4.66706794422e-17
66.3 0.00196487375458 -0.000151438411588 1.11428765479e-09 -5.74100068835e-17
66.4 0.00196226314394 -0.000150219394185 1.08510510538e-09 -2.79417643011e-17
66.5 0.00195849847914 -0.000150304614435 1.06529030222e-09 -4.17340676049e-17
66.6 0.00195395339516 -0.000149460929707 1.05493057112e-09 -2.43408013824e-18
66.7 0.00194886159986 -0.000149369600024 1.05383197647e-09 8.0855617886e-18
66.8 0.00193187705021 -0.000152963319884 1.06155353979e-09 2.78628634513e-17
66.9 0.00192870940249 -0.000154896417815 1.07745974056e-09 -6.49551792562e-17
67 0.00192601204133 -0.000154680063491 1.10075758487e-09 -1.43487721535e-17
67.1 0.00191903002235 -0.000153258271938 1.13056999935e-09 3.87234190305e-17
67.2 0.00191583907633 -0.000152504733916 1.16597422576e-09 2.81032119929e-17
67.3 0.00191312583439 -0.000151884120402 1.20602091775e-09 3.1654273222e-17
67.4 0.00190831566042 -0.000152873458885 1.24981179733e-09 -4.33848105039e-17
67.5 0.0019046842072 -0.000153754925447 1.29648691864e-09 -6.51385216023e-17
67.6 0.00190183378489 -0.000154538373242 1.34525208338e-09 8.82668093329e-17
67.7 0.00189928022386 -0.000154580371095 1.39537900131e-09 -1.51622806513e-17
67.8 0.00189279595217 -0.000154735017546 1.44617751735e-09 1.45569351871e-17
67.9 0.00188661935196 -0.000153753486601 1.49699052091e-09 -3.01718692892e-17
68 0.00188435320181 -0.000153716599547 1.54717176181e-09 4.7682946556e-17
68.1 0.00188127575937 -0.000153583450015 1.59606016031e-09 -4.55002742479e-17
68.2 0.00187818403882 -0.000153584797963 1.64295217901e-09 3.46798197013e-17
68.3 0.00187530134798 -0.000153963825632 1.68709342406e-09 3.12812247484e-17
68.4 0.00186913610426 -0.000152256527216 1.72766954846e-09 -6.14771253089e-17
68.5 0.0018500075398 -0.000165046154329 1.7638106552e-09 -7.1580021827e-17
68.6 0.00183629024634 -0.000178360529281 1.79461910511e-09 2.23434935732e-17
68.7 0.00183285849264 -0.000177904147724 1.81917011926e-09 -7.19682891998e-18
68.8 0.00182945780369 -0.000176502629987 1.83656913781e-09 1.03754138418e-17
68.9 0.00182460416875 -0.00017614196697 1.84598034097e-09 9.89038147056e-18
69 0.0018217070033 -0.000175315189234 1.84668309247e-09 1.61703622484e-17
69.1 0.00181859701986 -0.000175077747895 1.83811473676e-09 -6.01100116543e-17
69.2 0.00181234862403 -0.000168427010119 1.81991162795e-09 -2.74071106972e-17
69.3 0.00180903020755 -0.000168022868706 1.79194659361e-09 -6.19528264558e-17
69.4 0.00180572115985 -0.000167877841137 1.75436394512e-09 1.90845709744e-17
69.5 0.0018032422576 -0.000167220936083 1.70757947538e-09 2.59411900572e-17
69.6 0.00179922131405 -0.000166382580477 1.65229853578e-09 -2.74029778636e-17
69.7 0.00179643420844 -0.000166432190615 1.58949347844e-09 1.77860524022e-17
69.8 0.00179383766338 -0.000166004641094 1.5204007057e-09 -2.32625704948e-17
69.9 0.00178658843234 -0.000167509725874 1.44646186098e-09 5.03959995444e-17
70 0.00178390144941 -0.000166182841429 1.36929431213e-09 2.43644337767e-17
70.1 0.00178139044634 -0.00016609821921 1.29064307714e-09 -3.27783061554e-17
70.2 0.00177866061756 -0.000165639820822 1.21233165673e-09 8.30645502132e-17
70.3 0.00177545082825 -0.000165202863606 1.13617831274e-09 1.3811240915e-17
70.4 0.00177215379336 -0.000164463590808 1.06397035506e-09 3.16417431616e-17
70.5 0.00176869965992 -0.000164428976507 9.97384730432e-10 6.54375206292e-17
70.6 0.00176594113561 -0.00016461491359 9.37951790151e-10 3.18435482096e-17
70.7 0.0017635431012 -0.000164567459587 8.87003609011e-10 1.98713558981e-17
70.8 0.0017609167979 -0.00016468777109 8.45630829082e-10 4.18795981453e-17
70.9 0.00175811097122 -0.000163739497735 8.14655323237e-10 2.51909988978e-17
71 0.00175563976456 -0.000163835305825 7.94606825081e-10 1.24754950073e-17
71.1 0.0017518833352 -0.000161592946989 7.85716721475e-10 -2.18383552884e-17
71.2 0.00174893897561 -0.0001623662045 7.87890503512e-10 8.56278688933e-18
71.3 0.00174296467246 -0.00015809270607 8.00726701813e-10 5.33723843782e-17
