# L=256
# Trotter decomposition for beta: order=4 and bstep=0.100000
# Trotter decomposition for time: order=4 and tstep=0.100000

# t ; Re[Cij(t)] ; Im[Cij(t)] ; Re[Szi(t)] ; Im[Szi(t)]
0 0.25 0 8.78117026566e-07 0
0.1 0.247849783525 -0.026360236593 8.72007521252e-07 -7.20351392113e-17
0.2 0.241470183122 -0.0519926964053 8.53815676408e-07 4.48532244947e-17
0.3 0.231071169008 -0.0761983159423 8.23950672864e-07 1.58044587391e-16
0.4 0.216992279279 -0.0983340143466 7.83090863025e-07 -3.21029751542e-17
0.5 0.19968760599 -0.117837162418 7.32176323374e-07 -4.81488499374e-17
0.6 0.179705943911 -0.134246063608 6.7239533737e-07 -4.19278650099e-17
0.7 0.157667178465 -0.147215497504 6.05161699365e-07 7.21171367803e-17
0.8 0.134236173478 -0.156526667413 5.320819115e-07 -1.15884097629e-17
0.9 0.110095524019 -0.162091217596 4.54909176446e-07 7.24555918723e-17
1 0.0859185597416 -0.163949320877 3.75484760861e-07 -3.85978557509e-17
1.1 0.0623439210878 -0.162262161484 2.95667717613e-07 2.47351460429e-17
1.2 0.039952891467 -0.157299430899 2.17256507062e-07 -4.24249883602e-17
1.3 0.0192504649539 -0.149422698349 1.41906924229e-07 1.13785803821e-17
1.4 0.000650876963631 -0.139065699176 7.10521407727e-08 6.48180299771e-17
1.5 -0.0155319567647 -0.126712694799 5.83123280608e-09 1.03014316407e-16
1.6 -0.0290889402943 -0.112876094148 -5.29674578013e-08 -1.08525653462e-17
1.7 -0.0399153680841 -0.0980744904165 -1.04942203228e-07 -7.23317154812e-17
1.8 -0.048005955537 -0.082812165096 -1.50089104034e-07 -2.22519925821e-17
1.9 -0.0534459362998 -0.0675609543213 -1.88786255777e-07 4.65103287518e-17
2 -0.0563989988886 -0.0527451744132 -2.21750886224e-07 5.5626965019e-17
2.1 -0.0570929427794 -0.0387300793954 -2.49972215612e-07 4.94829338885e-17
2.2 -0.0558039808674 -0.0258140894418 -2.74624510705e-07 -3.25473604003e-17
2.3 -0.0528406035477 -0.0142248011124 -2.96967282435e-07 -7.28557483489e-18
2.4 -0.0485278549082 -0.00411858177039 -3.18240379339e-07 3.2774936519e-17
2.5 -0.0431927623217 0.00441662739277 -3.39562336047e-07 -3.70327502068e-17
2.6 -0.0371515175628 0.0113558126799 -3.61840778352e-07 -9.88017221695e-17
2.7 -0.0306988432891 0.0167293015015 -3.85700978636e-07 7.10467281042e-17
2.8 -0.0240998060324 0.0206137407136 -4.11438710934e-07 -5.31985231164e-17
2.9 -0.0175841655537 0.0231222978656 -4.39001044008e-07 1.70737664134e-17
3 -0.0113431943924 0.0243947033416 -4.67995529415e-07 1.30174857244e-17
3.1 -0.00552876644977 0.0245876803591 -4.9772729741e-07 -3.29835791296e-19
3.2 -0.00025440804745 0.0238662123095 -5.27259772696e-07 -5.28570146263e-18
3.3 0.00440206973081 0.022395983895 -5.55493377276e-07 -9.92570467177e-17
3.4 0.00839477527378 0.0203372090862 -5.81255001191e-07 -1.86606547497e-17
3.5 0.0117052074891 0.01783994374 -6.03391554984e-07 8.23110438802e-18
3.6 0.0143373961165 0.0150408670978 -6.20858418508e-07 4.30743381482e-17
3.7 0.0163130704125 0.0120614249009 -6.32796368575e-07 2.57904664789e-17
3.8 0.017667149778 0.00900715389791 -6.38591189854e-07 -2.01169824093e-17
3.9 0.0184437728715 0.00596795688822 -6.37912224259e-07 3.73466148955e-17
4 0.0186930019317 0.00301907345419 -6.30727987932e-07 -5.85253720429e-19
4.1 0.0184682596132 0.000222487720978 -6.17299225207e-07 1.5819412885e-18
4.2 0.0178244841041 -0.00237146668042 -5.98151565632e-07 3.56192919507e-17
4.3 0.0168169302069 -0.00472251136898 -5.74031650073e-07 -5.37647547862e-17
4.4 0.0155004994758 -0.00679899664351 -5.45851426028e-07 -1.1291289056e-17
4.5 0.0139294558914 -0.00857675189251 -5.14625889596e-07 -5.81884943037e-17
4.6 0.0121573737868 -0.0100382661272 -4.81409518751e-07 2.90551325618e-18
4.7 0.0102371704324 -0.0111722011162 -4.472360313e-07 3.23231320526e-18
4.8 0.00822109535794 -0.0119731957489 -4.13065359747e-07 -2.53516328192e-17
4.9 0.00616057747729 -0.0124418869627 -3.79740473008e-07 -1.19746381227e-17
5 0.00410586732471 -0.012585050658 -3.47955841955e-07 2.49850248826e-18
5.1 0.00210545019134 -0.0124157571094 -3.18237944516e-07 8.19535943238e-17
5.2 0.000205243192761 -0.0119534386646 -2.90937735143e-07 -3.73615601418e-17
5.3 -0.00155237821131 -0.0112237813716 -2.66233950649e-07 -3.88721051293e-17
5.4 -0.00312965330113 -0.0102583744371 -2.44145952376e-07 2.91683022108e-17
5.5 -0.00449452122505 -0.00909407947981 -2.24554577914e-07 4.62397349219e-17
5.6 -0.00562162387184 -0.00777211232197 -2.07229390565e-07 2.83241598063e-17
5.7 -0.00649313525894 -0.00633686030203 -1.91860720145e-07 2.83523554764e-17
5.8 -0.0070993380144 -0.00483448520691 -1.78094952923e-07 1.26293786723e-18
5.9 -0.00743888653496 -0.00331138362045 -1.65571400866e-07 -2.97570514813e-18
6 -0.00751872051184 -0.001812591151 -1.53958857789e-07 4.357087816e-17
6.1 -0.00735361931614 -0.000380223679323 -1.42989899213e-07 -1.63350513157e-17
6.2 -0.00696541470148 0.000947952733161 -1.32490475956e-07 2.31748105152e-17
6.3 -0.00638190409156 0.0021397406576 -1.22402475605e-07 -6.29947691532e-17
6.4 -0.00563552732374 0.00316945166769 -1.12796672864e-07 -1.06200452681e-16
6.5 -0.00476188477109 0.00401852128171 -1.03873832894e-07 2.42609510114e-17
6.6 -0.00379818320291 0.00467577458721 -9.59521991804e-08 -3.50533980173e-17
6.7 -0.00278169735542 0.00513734254985 -8.94405353478e-08 1.25446171168e-17
6.8 -0.00174833013699 0.00540625175652 -8.47968464521e-08 -1.95487146978e-17
6.9 -0.000731343475216 0.00549173011389 -8.24746346679e-08 8.32487939405e-17
7 0.000239683311182 0.00540828687686 -8.28598450618e-08 -7.25571739255e-17
7.1 0.00113963001553 0.00517463517734 -8.62032263511e-08 3.10809701518e-17
7.2 0.00194832858077 0.00481253043582 -9.25540621186e-08 -3.60885758629e-17
7.3 0.00265077396842 0.00434559654167 -1.01701866646e-07 -6.37191293787e-18
7.4 0.0032370727072 0.00379820627765 -1.13132868976e-07 1.22591425241e-17
7.5 0.00370216343906 0.00319447145245 -1.26007567406e-07 3.04581204808e-17
7.6 0.00404535477291 0.00255738521795 -1.39164453156e-07 -1.06534495057e-16
7.7 0.00426973240979 0.00190814391727 -1.51152992782e-07 -7.84246433694e-17
7.8 0.00438148955278 0.0012656602163 -1.60296673752e-07 -8.35703716231e-17
7.9 0.00438923233242 0.000646264576915 -1.64784044245e-07 -1.33375710019e-17
8 0.00430330603616 6.35794207553e-05 -1.62783018604e-07 -1.22937320355e-17
8.1 0.00413517919719 -0.000471459586639 -1.52571029511e-07 3.87928578483e-17
8.2 0.00389691204393 -0.000950467322673 -1.32671715547e-07 3.61481597656e-17
8.3 0.00360072452129 -0.00136739336861 -1.01987366009e-07 -1.42851900188e-17
8.4 0.00325866810793 -0.00171826156887 -5.99160997143e-08 -2.31259595977e-17
8.5 0.00288239589055 -0.00200089674737 -6.44336338202e-09 -2.27741810999e-17
8.6 0.00248301752773 -0.00221466470292 5.78010542636e-08 2.41917747924e-18
8.7 0.002071020348 -0.00236024437397 1.31526821505e-07 -2.18541604778e-17
8.8 0.00165623508559 -0.0024394430914 2.12810847534e-07 -3.32766236557e-17
8.9 0.00124782461083 -0.00245505795471 2.99168827868e-07 -7.2175421827e-18
9 0.000854276187229 -0.00241077930353 3.87666911342e-07 2.03337819412e-17
9.1 0.000483381830094 -0.00231112662666 4.75066485771e-07 -5.00913735206e-19
9.2 0.000142196652067 -0.00216140344048 5.57992661561e-07 5.87401372667e-17
9.3 -0.000163028971592 -0.00196765588548 6.33114897182e-07 4.63041111114e-17
9.4 -0.00042694168369 -0.00173662007188 6.97327597438e-07 2.23934278643e-17
9.5 -0.000645194912298 -0.00147564535126 7.47918414872e-07 3.90961345322e-17
9.6 -0.000814565116049 -0.00119258431388 7.82713226957e-07 -4.53326148242e-17
9.7 -0.000933060970697 -0.000895644904507 8.00188551579e-07 1.46774347812e-17
9.8 -0.00100001108338 -0.000593205061764 7.99544949085e-07 4.93899116047e-18
9.9 -0.00101611662089 -0.000293595207844 7.80737806831e-07 1.99096531584e-17
10 -0.000983457576921 -4.85839244626e-06 7.44465087736e-07 -4.97216155978e-17
10.1 -0.000905444922944 0.000265498853381 6.92114539412e-07 5.80128984795e-17
10.2 -0.000786715337533 0.000510749770262 6.25675439805e-07 -1.12190947603e-18
10.3 -0.000632969946964 0.000725169072189 5.47621980623e-07 -4.64029911531e-17
10.4 -0.000450763141316 0.000904218313519 4.60776690916e-07 -4.24665499469e-17
10.5 -0.000247251637923 0.0010446823722 3.68163006526e-07 -9.67710158881e-18
10.6 -2.99171964919e-05 0.00114474784276 2.72855943577e-07 2.7576612613e-17
10.7 0.00019372154882 0.00120401822186 1.77839352984e-07 1.9445659239e-17
10.8 0.00041639189982 0.00122346520007 8.58772345816e-08 -1.13193307028e-16
10.9 0.000631328826542 0.00120531981105 -5.94786909507e-10 -3.90571202812e-17
11 0.000832501659482 0.00115291120823 -7.95532341916e-08 4.20637080346e-17
11.1 0.00101479457641 0.00107046415124 -1.49442899392e-07 3.32958660166e-17
11.2 0.00117413327616 0.000962868592883 -2.09204122477e-07 2.33027361186e-17
11.3 0.00130755420271 0.000835435922908 -2.58271695239e-07 1.95221680618e-17
11.4 0.00141321669227 0.000693656416824 -2.96547261766e-07 -7.42708520083e-17
11.5 0.00149036213556 0.000542971342639 -3.24348563789e-07 1.7749992319e-17
11.6 0.0015392274158 0.000388571164603 -3.42339819945e-07 2.49968022944e-17
11.7 0.00156092230543 0.000235228573325 -3.51448507733e-07 -4.94036014429e-17
11.8 0.00155728202363 8.71719086907e-05 -3.52774341861e-07 3.82036778459e-17
11.9 0.00153070668518 -5.19988102275e-05 -3.47496534964e-07 1.69135406204e-17
12 0.00148399891513 -0.000179354279315 -3.36785406469e-07 2.0422330786e-17
12.1 0.00142020958835 -0.000292640592173 -3.2172402575e-07 1.3661866652e-17
12.2 0.00134249967508 -0.00039025228227 -3.03244866668e-07 -2.13389354297e-17
12.3 0.00125402376336 -0.000471181257291 -2.82085420902e-07 -1.56192853703e-17
12.4 0.00115783824053 -0.000534949805532 -2.58765338102e-07 -4.72973084712e-17
12.5 0.0010568346253 -0.000581535705494 -2.33586137208e-07 -6.56808663112e-17
12.6 0.000953696366436 -0.000611296647864 -2.06652860813e-07 7.32417671464e-17
12.7 0.000850875687424 -0.000624899850122 -1.77915268433e-07 -4.63078268759e-17
12.8 0.000750585841222 -0.000623261038915 -1.47224687849e-07 -6.05300031473e-18
12.9 0.000654803537296 -0.000607495056295 -1.14401300833e-07 3.77091002546e-17
13 0.000565276352993 -0.000578878445845 -7.93057162956e-08 -1.8598597425e-17
13.1 0.000483530574084 -0.000538822734046 -4.19083019101e-08 4.75567828123e-17
13.2 0.00041087595866 -0.000488855888401 -2.34968545047e-09 1.55452909949e-17
13.3 0.000348405216232 -0.000430608647363 3.90133215384e-08 -6.54547991883e-17
13.4 0.000296987406374 -0.000365802088732 8.15811700825e-08 -3.90554358209e-17
13.5 0.000257255856056 -0.00029623293662 1.24507555127e-07 -3.16348222718e-17
13.6 0.000229592431828 -0.000223753665579 1.66719183526e-07 -1.94706977046e-17
13.7 0.000214110951506 -0.000150245376183 2.0695867055e-07 1.4152839167e-17
13.8 0.000210643074282 -7.7582604455e-05 2.43847876561e-07 -2.63243517857e-18
13.9 0.000218730096166 -7.59055494163e-06 2.75967270721e-07 -3.42976792483e-18
14 0.00023762370092 5.80034837314e-05 3.01945485689e-07 -8.5156537151e-18
14.1 0.000266297955684 0.000117621759481 3.20552414391e-07 6.36367327246e-17
14.2 0.000303473810516 0.000169887274507 3.30788712977e-07 6.10922271214e-17
14.3 0.00034765618812 0.000213670904589 3.31964929405e-07 1.02050358663e-17
14.4 0.00039718257145 0.000248130856481 3.23764128108e-07 1.09790904754e-16
14.5 0.000450280951139 0.000272741368535 3.06283233683e-07 8.93489541947e-17
14.6 0.000505134171716 0.000287308290603 2.80049819753e-07 -1.38135486133e-17
14.7 0.000559947153825 0.000291970090625 2.46012886993e-07 3.35846390858e-18
14.8 0.000613013182528 0.000287183852099 2.05508079097e-07 -5.70384937629e-17
14.9 0.000662775455752 0.0002736968739 1.60199537466e-07 9.88831483611e-17
15 0.000707880387362 0.000252505486332 1.12002191908e-07 1.74139316208e-17
15.1 0.00074721973693 0.000224803576288 6.29894908497e-08 -4.01065848568e-17
15.2 0.000779959440285 0.000191923998383 1.52925060147e-08 1.91407100734e-17
15.3 0.000805553972021 0.000155276474334 -2.90033204232e-08 3.25936522716e-17
15.4 0.000823746099031 0.000116285710587 -6.79574725635e-08 5.6094516583e-17
15.5 0.000834552890384 7.63332877925e-05 -9.98639648835e-08 1.14443735055e-16
15.6 0.000838239738044 3.67064246455e-05 -1.23326195161e-07 2.03311527163e-18
15.7 0.000835284840985 -1.44395022193e-06 -1.37313371281e-07 -9.76838575113e-18
15.8 0.000826337071451 -3.71341939608e-05 -1.4119593623e-07 1.44891246177e-17
15.9 0.000812170361434 -6.95672636132e-05 -1.34759087279e-07 -4.49124117979e-17
16 0.000793637707978 -9.81404684617e-05 -1.18194774445e-07 -3.82716435341e-17
16.1 0.000771627612794 -0.000122442569725 -9.20740251846e-08 -3.57649553759e-17
16.2 0.000747025293469 -0.000142241781773 -5.7302398734e-08 -8.50528449887e-18
16.3 0.000720680401814 -0.00015746669997 -1.50624043753e-08 -8.46071990677e-18
16.4 0.000693382317498 -0.000168182469614 3.32529138214e-08 -1.93217562641e-17
16.5 0.000665843392361 -0.000174564608329 8.61106981193e-08 6.12334623125e-17
16.6 0.000638689840647 -0.00017687277788 1.41909070921e-07 5.84140432849e-17
16.7 0.000612459364099 -0.000175426467287 1.99043990777e-07 5.67963733619e-17
16.8 0.000587604139455 -0.0001705840542 2.55969077621e-07 5.12846035172e-18
16.9 0.000564497526615 -0.000162726141533 3.11245918582e-07 5.5221937243e-18
17 0.000543442793204 -0.00015224349413 3.63583424817e-07 3.78907867711e-17
17.1 0.000524682276514 -0.00013952937632 4.11865707101e-07 -1.36436035007e-17
17.2 0.000508405673069 -0.000124975656759 4.55168725603e-07 9.76350327066e-17
17.3 0.00049475650272 -0.00010897174162 4.92766796546e-07 -6.89781096613e-18
17.4 0.000483836189918 -9.19052308494e-05 5.24130512107e-07 -3.39687275816e-17
17.5 0.000475705603237 -7.41631601807e-05 5.48917939594e-07 3.63339175235e-17
17.6 0.000470384263085 -5.6132770127e-05 5.66961167181e-07 4.76890339267e-19
17.7 0.000467847737862 -3.8200910914e-05 5.78250049906e-07 1.49333914205e-18
17.8 0.000468023986634 -2.07514304033e-05 5.82914850282e-07 -3.36198333735e-17
17.9 0.000470789562836 -4.16019330234e-06 5.8120900104e-07 -9.33432772452e-18
18 0.00047596665805 1.12122697419e-05 5.7349273344e-07 -3.06719646399e-17
18.1 0.000483321913975 2.50301234503e-05 5.60217978284e-07 4.41344918403e-18
18.2 0.000492567757145 3.69929257288e-05 5.41914346577e-07 2.40445175286e-17
18.3 0.000503366736892 4.68467781972e-05 5.19175852351e-07 4.19100693567e-18
18.4 0.000515339022246 5.43949611617e-05 4.92647720531e-07 1.09404525444e-17
18.5 0.000528072890699 5.95071143949e-05 4.63012684646e-07 -5.8238447237e-17
18.6 0.000541137755941 6.21261294636e-05 4.3097626556e-07 -2.74653209106e-17
18.7 0.000554099054949 6.22720700778e-05 3.97250685796e-07 4.24137067102e-18
18.8 0.000566534147137 6.00426242763e-05 3.62537447559e-07 -6.48587037618e-17
18.9 0.000578048261593 5.56098234804e-05 3.27508883444e-07 2.07237868348e-17
19 0.000588289473821 4.92130433043e-05 2.92789286737e-07 -3.36292572715e-18
19.1 0.00059696172266 4.11486132095e-05 2.58936643333e-07 1.14829765286e-16
19.2 0.000603835010495 3.17566637261e-05 2.26426008402e-07 4.61985516703e-17
19.3 0.000608752160506 2.14060721008e-05 1.95635775213e-07 -1.00834877642e-17
19.4 0.000611631793251 1.04784938344e-05 1.66837940253e-07 -3.7095570278e-17
19.5 0.000612467488918 -6.4751517703e-07 1.40193360314e-07 3.38673264225e-17
19.6 0.000611323388044 -1.16113496978e-05 1.15752572651e-07 9.88443970375e-17
19.7 0.000608326726767 -2.20833778295e-05 9.34625283966e-08 5.22280007591e-17
19.8 0.000603657979963 -3.17755217466e-05 7.31789960995e-08 1.10492904419e-17
19.9 0.000597539378811 -4.0449008719e-05 5.46840698396e-08 -4.78712786721e-17
20 0.000590222581562 -4.79191370816e-05 3.77077378084e-08 4.15364880501e-17
20.1 0.000581976230077 -5.40571079093e-05 2.19521951579e-08 7.67831642318e-18
20.2 0.00057307404779 -5.87891312723e-05 7.11731919704e-09 -4.55748606228e-17
20.3 0.000563784049016 -6.20931371105e-05 -7.07436560726e-09 3.75236537833e-17
20.4 0.000554359334698 -6.39935280622e-05 -2.08549263437e-08 -4.69046021032e-17
20.5 0.000545030824335 -6.45545145286e-05 -3.43919832454e-08 6.63340156555e-17
20.6 0.000536002100648 -6.38726432114e-05 -4.77747331898e-08 3.88244516753e-17
20.7 0.000527446337784 -6.20691267545e-05 -6.10059887249e-08 2.69333102194e-18
20.8 0.000519505097464 -5.92824891363e-05 -7.40009068828e-08 -3.72573523681e-17
20.9 0.000512288657414 -5.56618916923e-05 -8.65925727549e-08 -4.53723880328e-17
21 0.000505877495752 -5.13613502663e-05 -9.85441928822e-08 -2.55591690178e-17
21.1 0.000500324572543 -4.65349316926e-05 -1.09567228676e-07 8.93519144486e-18
21.2 0.000495658096562 -4.13329341299e-05 -1.19344369264e-07 6.91784516966e-18
21.3 0.000491884526005 -3.58990029875e-05 -1.27555780817e-07 -3.3589694167e-17
21.4 0.000488991612038 -3.03681063163e-05 -1.33906942863e-07 -6.8994442048e-18
21.5 0.000486951336901 -2.48652830254e-05 -1.38156000577e-07 -2.09312760041e-17
21.6 0.000485722610269 -1.95050704846e-05 -1.40138651107e-07 -4.20151107795e-18
21.7 0.000485253575213 -1.43914932477e-05 -1.39788528207e-07 -3.04844467319e-17
21.8 0.000485483374281 -9.61843930334e-06 -1.37151351427e-07 -2.53750015421e-17
21.9 0.000486343279134 -5.27017985989e-06 -1.32391439137e-07 5.97794649711e-18
22 0.000487757202754 -1.42174900801e-06 -1.25789632045e-07 4.30614389903e-17
22.1 0.000489641752271 1.86107310282e-06 -1.17732375785e-07 8.01626705702e-17
22.2 0.000491906085553 4.52233836644e-06 -1.08692333877e-07 -3.36142205689e-17
22.3 0.000494451879236 6.51711727684e-06 -9.92014630846e-08 5.23199309069e-18
22.4 0.000497173705875 7.81322703455e-06 -8.98183857277e-08 -2.0320432998e-17
22.5 0.000499960068853 8.39333468758e-06 -8.10920870387e-08 -1.81509234228e-17
22.6 0.000502695262149 8.25718283826e-06 -7.35246283256e-08 3.82123733959e-17
22.7 0.000505262112707 7.42362046203e-06 -6.75355822116e-08 9.65485501294e-19
22.8 0.000507545539802 5.93209160732e-06 -6.34309383396e-08 5.5791077002e-17
22.9 0.000509436746045 3.84325415799e-06 -6.13789257998e-08 1.22720040574e-18
23 0.000510837755347 1.23847918646e-06 -6.13948604102e-08 -3.57371335615e-17
23.1 0.000511665952915 -1.78188788062e-06 -6.33362955563e-08 -2.75613261013e-17
23.2 0.000511858275255 -5.1014684397e-06 -6.69091537413e-08 4.59211663295e-17
23.3 0.000511374743671 -8.59182885208e-06 -7.16845669117e-08 3.72969908032e-17
23.4 0.000510201113557 -1.21172605644e-05 -7.71253644696e-08 -3.5571413314e-17
23.5 0.000508350493124 -1.55401252052e-05 -8.262035752e-08 -1.22324758575e-16
23.6 0.000505863840751 -1.87265664987e-05 -8.75239593397e-08 -1.86988500578e-17
23.7 0.000502809258891 -2.15524224466e-05 -9.11983373924e-08 -5.59592338861e-17
23.8 0.000499279984137 -2.39091494077e-05 -9.30549968933e-08 -2.66167535067e-17
23.9 0.000495390967253 -2.57094837458e-05 -9.25928567775e-08 7.70355345193e-17
24 0.000491273999123 -2.68924576315e-05 -8.94302159273e-08 6.50926316165e-18
24.1 0.00048707147764 -2.74273135275e-05 -8.33284280282e-08 1.67953071457e-17
24.2 0.000482929095281 -2.73158704882e-05 -7.4205859165e-08 -3.92542874516e-17
24.3 0.000478987902914 -2.65929925143e-05 -6.21413795554e-08 1.50086387771e-17
24.4 0.000475376321905 -2.53249742335e-05 -4.73675452784e-08 8.71175240031e-17
24.5 0.000472202709692 -2.36058537572e-05 -3.0254224543e-08 -4.10011390303e-17
24.6 0.000469549039204 -2.15518490557e-05 -1.12842466629e-08 7.42733470714e-18
24.7 0.000467466158126 -1.9294266049e-05 8.97690996225e-09 7.99020495469e-18
24.8 0.00046597097786 -1.69713367467e-05 2.99150481675e-08 9.61114586503e-17
24.9 0.00046504582267 -1.47195195686e-05 5.09022820863e-08 5.37072699042e-17
25 0.000464640045767 -1.26648407522e-05 7.13306699962e-08 2.0506112637e-17
25.1 0.000464673881027 -1.09148784416e-05 9.06422945793e-08 -3.99414877809e-17
25.2 0.000465044337804 -9.55198262241e-06 1.08353928068e-07 -1.65776524211e-17
25.3 0.000465632767967 -8.62826998364e-06 1.24074968693e-07 5.66317584368e-17
25.4 0.000466313563898 -8.16282159937e-06 1.37517929799e-07 -1.52227183337e-17
25.5 0.000466963317876 -8.1413471694e-06 1.48501344267e-07 -6.22076604254e-17
25.6 0.000467469712002 -8.51837929646e-06 1.56945480641e-07 6.81824350879e-18
25.7 0.000467739420306 -9.22184687103e-06 1.62861829171e-07 2.42424061416e-17
25.8 0.000467704386756 -1.01596670368e-05 1.66337742121e-07 -7.7634008005e-17
25.9 0.000467325980592 -1.12278115099e-05 1.67517847324e-07 4.89759287756e-17
26 0.000466596707823 -1.23191650274e-05 1.66583987457e-07 9.69063890183e-18
26.1 0.000465539356972 -1.33324205334e-05 1.63735548316e-07 -1.35458106224e-18
26.2 0.000464203667865 -1.41802531168e-05 1.59171688939e-07 1.50306130864e-17
26.3 0.000462660823819 -1.47960783043e-05 1.5307688972e-07 2.63696652386e-17
26.4 0.000460996263927 -1.51388224697e-05 1.45610738396e-07 -3.94120954274e-17
26.5 0.000459301472187 -1.51953085614e-05 1.36902523334e-07 3.35999922199e-17
26.6 0.000457665500001 -1.49800817318e-05 1.27050653026e-07 1.40861728742e-17
26.7 0.000456166998924 -1.45327474198e-05 1.16126615377e-07 1.22070073733e-17
26.8 0.000454867477229 -1.3913132587e-05 1.04182634619e-07 4.95559036022e-17
26.9 0.000453806358645 -1.31947744936e-05 9.12620112868e-08 3.62669610901e-18
27 0.000452998237332 -1.24573702893e-05 7.7410856561e-08 3.19329098641e-17
27.1 0.000452432515172 -1.17788849809e-05 6.26898468234e-08 7.03093293654e-18
27.2 0.000452075396911 -1.12280230148e-05 4.71847001002e-08 -5.86237193277e-17
27.3 0.00045187401995 -1.08577300867e-05 3.10141919121e-08 1.02909203831e-16
27.4 0.000451762316418 -1.07003076836e-05 1.43348680047e-08 7.24540493595e-17
27.5 0.000451668053997 -1.07645872924e-05 -2.65817190101e-09 6.9723606089e-17
27.6 0.000451520393513 -1.10354236729e-05 -1.97345314508e-08 -3.6038259239e-17
27.7 0.000451257252162 -1.14755471606e-05 -3.66356778011e-08 -6.87647857851e-17
27.8 0.000450831777147 -1.2029595843e-05 -5.30853996263e-08 -6.00164334703e-17
27.9 0.000450217309252 -1.26299543146e-05 -6.8802706432e-08 -5.00505232076e-18
28 0.000449410340395 -1.32038657185e-05 -8.35160984814e-08 -6.30846030971e-17
28.1 0.000448431139204 -1.36811588733e-05 -9.69780052422e-08 9.49042803474e-18
28.2 0.000447321931767 -1.4001851109e-05 -1.08978176962e-07 2.69865548146e-17
28.3 0.000446142769109 -1.4122870437e-05 -1.19354877303e-07 -5.62772414808e-17
28.4 0.000444965456955 -1.40232076318e-05 -1.28002908701e-07 4.59955879508e-17
28.5 0.000443866127826 -1.37069590575e-05 -1.34877733678e-07 -4.34760557013e-17
28.6 0.00044291717057 -1.32039294703e-05 -1.39995336394e-07 2.62766427516e-17
28.7 0.000442179291429 -1.25676972281e-05 -1.43427774015e-07 -4.61257199616e-17
28.8 0.000441694470269 -1.18712783932e-05 -1.4529478536e-07 -2.52176181993e-17
28.9 0.000441480503436 -1.12007475139e-05 -1.45752049349e-07 -5.06771107866e-17
29 0.000441527693647 -1.06473674974e-05 -1.44977101639e-07 1.3004466749e-17
29.1 0.000441798062047 -1.02989305984e-05 -1.43153997125e-07 -2.91277656786e-17
29.2 0.000442227231354 -1.02310991589e-05 -1.40457937963e-07 6.59337053156e-17
29.3 0.00044272888131 -1.0499549451e-05 -1.37041164374e-07 -5.89363081139e-17
29.4 0.000443201435689 -1.113366438e-05 -1.33021235886e-07 2.27115807166e-17
29.5 0.000443536428958 -1.21324004416e-05 -1.28472736002e-07 1.75167554404e-17
29.6 0.000443627838911 -1.34627834327e-05 -1.23423146762e-07 -1.67207053725e-17
29.7 0.000443381565413 -1.50612727425e-05 -1.17853277752e-07 -3.7270845229e-17
29.8 0.000442724190176 -1.68379813293e-05 -1.11702420233e-07 -5.68179825635e-17
29.9 0.000441610180238 -1.86834610084e-05 -1.04877858702e-07 -8.23375764739e-19
30 0.000440026805665 -2.04774877402e-05 -9.72681241139e-08 -6.27089578953e-17
30.1 0.000437996246059 -2.20990471623e-05 -8.87590104623e-08 -3.10135799531e-17
30.2 0.000435574641342 -2.34365726283e-05 -7.92511889967e-08 1.41483203466e-16
30.3 0.000432848160684 -2.4397458519e-05 -6.86779938899e-08 -6.13112147723e-18
30.4 0.000429926459372 -2.49159631669e-05 -5.70220427623e-08 -5.83032399206e-17
30.5 0.000426934122579 -2.49587987303e-05 -4.43292584158e-08 -8.16416864406e-17
30.6 0.000424000845953 -2.45279385159e-05 -3.07191023322e-08 -7.88418242051e-20
30.7 0.000421251186959 -2.36604231405e-05 -1.63899898151e-08 -2.95526379444e-17
30.8 0.000418794748803 -2.24251964639e-05 -1.61928618735e-09 4.6408313632e-17
30.9 0.000416717632175 -2.09172408204e-05 1.32424643501e-08 1.77103671869e-18
31 0.000415075901846 -1.92495014251e-05 2.77829956772e-08 5.5390595802e-17
31.1 0.0004138916617 -1.75432839031e-05 4.15448554125e-08 -9.03261373785e-17
31.2 0.000413152114953 -1.5917962575e-05 5.40462223501e-08 -2.73239314877e-17
31.3 0.000412811715448 -1.44809330464e-05 6.48046261534e-08 6.17436086174e-17
31.4 0.000412797208475 -1.33187544972e-05 7.33622025691e-08 7.89600588623e-18
31.5 0.000413015049246 -1.24903275155e-05 7.93107467239e-08 -6.11136614647e-18
31.6 0.000413360430176 -1.20227312666e-05 8.23149669888e-08 -2.05472562899e-17
31.7 0.000413727004874 -1.19100310718e-05 8.21323497455e-08 -5.09872041369e-18
31.8 0.000414016389777 -1.21150374213e-05 7.86283544798e-08 6.09269820561e-17
31.9 0.000414146625696 -1.25737225696e-05 7.17859278699e-08 -7.20425509801e-17
32 0.000414058935273 -1.32018126764e-05 6.17087184834e-08 -7.77410951985e-18
32.1 0.00041372227616 -1.39029563671e-05 4.86179222804e-08 -1.77852237296e-17
32.2 0.000413135351512 -1.45777879476e-05 3.28429672189e-08 -7.2850364683e-18
32.3 0.000412325915574 -1.51331356319e-05 1.48068207095e-08 -1.42124209361e-17
32.4 0.000411347416921 -1.54905815873e-05 -4.99312696743e-09 3.80319473319e-18
32.5 0.000410273257288 -1.55935971246e-05 -2.60072163481e-08 -6.63014057764e-17
32.6 0.000409189183865 -1.54125827313e-05 -4.76573786756e-08 5.94608953441e-17
32.7 0.000408184536971 -1.49473400861e-05 -6.93611611431e-08 1.21533813595e-17
32.8 0.000407343202578 -1.42267630336e-05 -9.05546706613e-08 -4.25551840026e-17
32.9 0.000406735148377 -1.33058105776e-05 -1.10713165296e-07 -2.39590461129e-17
33 0.000406409355366 -1.22600810976e-05 -1.29368427507e-07 6.66728571973e-17
33.1 0.000406388808797 -1.1178522697e-05 -1.46122256211e-07 7.63590190278e-17
33.2 0.000406668001996 -1.01549801242e-05 -1.60655842169e-07 1.31114916276e-17
33.3 0.000407213154697 -9.27938074336e-06 -1.72734885199e-07 7.68351406287e-17
33.4 0.000407965082889 -8.62938849103e-06 -1.82210786284e-07 5.42618929673e-17
33.5 0.000408844408311 -8.26330208737e-06 -1.89018346589e-07 3.48025296884e-17
33.6 0.000409758584909 -8.21484903769e-06 -1.93170514777e-07 6.4816658522e-17
33.7 0.000410610060005 -8.49034117402e-06 -1.94750829066e-07 -6.37251945522e-17
33.8 0.000411304791653 -9.06842376149e-06 -1.93904216147e-07 8.89702903091e-19
33.9 0.000411760323657 -9.90238994541e-06 -1.90826778146e-07 2.82981643757e-17
34 0.000411912684067 -1.09247794416e-05 -1.85755006717e-07 -1.20852793252e-17
34.1 0.000411721512893 -1.20537706625e-05 -1.78954973535e-07 -1.78076181716e-17
34.2 0.000411173015834 -1.32007323829e-05 -1.70711712495e-07 -4.12367960361e-17
34.3 0.000410280549639 -1.42782271537e-05 -1.61319154904e-07 -1.56133013119e-17
34.4 0.00040908284726 -1.52077450744e-05 -1.51070747458e-07 -4.76586491791e-17
34.5 0.000407640079014 -1.59264849948e-05 -1.40250970181e-07 1.41349113935e-16
34.6 0.000406028117467 -1.63925899735e-05 -1.29127801216e-07 3.39026097014e-17
34.7 0.000404331523928 -1.65883837885e-05 -1.17946303682e-07 -7.608821355e-17
34.8 0.000402635889221 -1.6521338781e-05 -1.06923424135e-07 -3.42116727223e-17
34.9 0.000401020224407 -1.62227158235e-05 -9.62440579047e-08 -1.77924225625e-17
35 0.00039955009415 -1.57440325066e-05 -8.60584830282e-08 -4.44336591863e-17
35.1 0.000398272113413 -1.51517117187e-05 -7.6481144162e-08 -1.67006110669e-17
35.2 0.000397210297842 -1.45204200346e-05 -6.75907928738e-08 4.88375041173e-18
35.3 0.000396364586181 -1.39257137772e-05 -5.94319003807e-08 2.82286156217e-17
35.4 0.000395711656104 -1.34366682848e-05 -5.20171886718e-08 5.29686502115e-17
35.5 0.000395207946209 -1.31091710255e-05 -4.53311216168e-08 1.06144732305e-17
35.6 0.0003947945931 -1.29805120802e-05 -3.93340741743e-08 1.04518988773e-17
35.7 0.000394403807279 -1.30657908924e-05 -3.39669623889e-08 1.77237937224e-17
35.8 0.000393966069506 -1.33565018778e-05 -2.91560173665e-08 9.32425747418e-17
35.9 0.000393417439744 -1.38214385145e-05 -2.48175194231e-08 1.11058505028e-17
36 0.000392706258332 -1.44098218198e-05 -2.08621927785e-08 -3.92085476514e-17
36.1 0.00039179858734 -1.50563309734e-05 -1.71992261112e-08 6.78893707555e-17
36.2 0.000390681876356 -1.5687533101e-05 -1.37397636058e-08 -5.23451459859e-17
36.3 0.000389366517359 -1.62290881619e-05 -1.03999110032e-08 -7.53385946152e-18
36.4 0.00038788515417 -1.66130429102e-05 -7.10330645653e-09 -3.99489809904e-17
36.5 0.000386289819196 -1.67845222794e-05 -3.78333035857e-09 -3.54093450389e-17
36.6 0.000384647173044 -1.67071821258e-05 -3.85087016586e-10 -1.13912771324e-17
36.7 0.00038303230405 -1.63669080907e-05 3.13279297874e-09 -7.19517173959e-17
36.8 0.000381521680701 -1.57734243635e-05 6.79652315073e-09 4.072812269e-18
36.9 0.000380185920463 -1.49596856207e-05 1.06157362731e-08 -2.03948550662e-17
37 0.000379083039643 -1.39791296144e-05 1.4582428218e-08 -2.51533807253e-17
37.1 0.000378252796803 -1.29010431135e-05 1.8670479063e-08 9.10876599323e-17
37.2 0.000377712655541 -1.18044392211e-05 2.28359860478e-08 4.92900577004e-17
37.3 0.000377455774842 -1.07709689543e-05 2.70186183388e-08 -3.53310826458e-18
37.4 0.000377451276284 -9.87749663284e-06 3.11442388873e-08 3.93248302943e-18
37.5 0.000377646828251 -9.18904156644e-06 3.51288117387e-08 -9.34574115674e-18
37.6 0.000377973337434 -8.75279905528e-06 3.88836005011e-08 4.03384706343e-17
37.7 0.000378351284948 -8.59387690226e-06 4.23214140995e-08 6.36164747082e-17
37.8 0.000378698038842 -8.71320624769e-06 4.53636078543e-08 -3.0607042617e-17
37.9 0.00037893536708 -9.08783139785e-06 4.7947304269e-08 4.49756579332e-17
38 0.000378996384335 -9.67350102455e-06 5.00322422291e-08 9.62075266444e-17
38.1 0.000378831274929 -1.04092323376e-05 5.16066510987e-08 -4.46056446854e-17
38.2 0.000378411301594 -1.12233402738e-05 5.269152548e-08 2.79638015875e-17
38.3 0.000377730795015 -1.20403227839e-05 5.3342706289e-08 -3.15491098002e-17
38.4 0.000376806999879 -1.27879530116e-05 5.36504412528e-08 -5.11351539941e-17
38.5 0.000375677826862 -1.34039310544e-05 5.37361961982e-08 2.95344058463e-17
38.6 0.000374397730987 -1.38414873918e-05 5.37467748883e-08 3.13087874745e-18
38.7 0.000373032103375 -1.40734162394e-05 5.38459732348e-08 3.49453919797e-17
38.8 0.00037165071058 -1.40941586066e-05 5.42043022202e-08 -3.3330048449e-17
38.9 0.000370320819993 -1.39197477692e-05 5.49874362394e-08 -2.98581863188e-17
39 0.000369100687775 -1.35856520665e-05 5.6344159289e-08 5.75390771949e-17
39.1 0.000368034044659 -1.31427676785e-05 5.83947914747e-08 4.3077145347e-17
39.2 0.000367146101119 -1.26519945014e-05 6.12208621315e-08 -1.15710995517e-18
39.3 0.00036644142865 -1.21779509395e-05 6.48568903292e-08 -3.24177722136e-17
39.4 0.000365903882717 -1.17824463504e-05 6.92849330983e-08 -7.39416477154e-17
39.5 0.000365498535109 -1.15183357938e-05 7.4432356681e-08 3.1555287222e-17
39.6 0.000365175392496 -1.14243335173e-05 8.01730082437e-08 -4.41394894812e-17
39.7 0.000364874508788 -1.15212590175e-05 8.63317780974e-08 -3.86034404529e-17
39.8 0.000364531970006 -1.18100387703e-05 9.26922557733e-08 7.13984430387e-17
39.9 0.000364086159683 -1.2271604473e-05 9.9006987378e-08 5.76523526836e-17
40 0.000363483708519 -1.28686407e-05 1.05009624768e-07 -7.17992725669e-19
40.1 0.000362684589482 -1.35489666922e-05 1.10428209181e-07 4.78217739004e-17
40.2 0.000361665924057 -1.42502057309e-05 1.1499869511e-07 -3.06969349795e-17
40.3 0.000360424199059 -1.49053067774e-05 1.18477927159e-07 4.52633124797e-17
40.4 0.000358975740394 -1.54484339775e-05 1.2065532577e-07 -6.76317418903e-17
40.5 0.000357355436932 -1.58207243266e-05 1.21362582256e-07 3.13800115548e-17
40.6 0.000355613847454 -1.59754278672e-05 1.20481031151e-07 -3.03213519729e-17
40.7 0.000353812951932 -1.58819878879e-05 1.17946316276e-07 -1.9569818851e-17
40.8 0.000352020922911 -1.55286960252e-05 1.13750365897e-07 -6.52793752513e-18
40.9 0.000350306384297 -1.4923674195e-05 1.07940731501e-07 3.33773265139e-17
41 0.000348732678537 -1.40940896404e-05 1.00617538824e-07 -4.66852675586e-17
41.1 0.000347352663621 -1.30836836902e-05 9.19284354026e-08 3.8154137892e-17
41.2 0.000346204506926 -1.19488607971e-05 8.20619564418e-08 3.09649562328e-17
41.3 0.00034530884546 -1.07537177987e-05 7.12397514258e-08 -3.67219252094e-19
41.4 0.000344667557595 -9.56448347779e-06 5.97081090071e-08 -1.28205723659e-17
41.5 0.00034426424893 -8.44388709982e-06 4.77292037124e-08 -1.24199334167e-17
41.6 0.000344066398016 -7.44598357722e-06 3.55723677506e-08 -1.70320247142e-17
41.7 0.000344028942293 -6.61192889701e-06 2.35056969817e-08 -2.26636648958e-17
41.8 0.000344098927265 -5.96711447434e-06 1.17881130444e-08 6.88637212262e-17
41.9 0.000344220717297 -5.51992797562e-06 6.62076354566e-10 2.80483704113e-17
42 0.000344341202273 -5.26221906643e-06 -9.65300776807e-09 -2.91309171449e-17
42.1 0.00034441445258 -5.17133787336e-06 -1.89666425606e-08 -1.55140094133e-17
42.2 0.000344405377472 -5.21342713418e-06 -2.71222759125e-08 2.95193939219e-17
42.3 0.000344292102889 -5.3475294125e-06 -3.40015079105e-08 -3.49949629937e-17
42.4 0.000344066958941 -5.5300367644e-06 -3.95273427357e-08 -1.39089353054e-17
42.5 0.000343736114475 -5.71904706151e-06 -4.36664124996e-08 -3.96003629495e-17
42.6 0.000343318000471 -5.87826533284e-06 -4.64300666466e-08 -3.66028540961e-17
42.7 0.00034284073246 -5.98017115017e-06 -4.78741363041e-08 5.75428988406e-17
42.8 0.000342338789529 -6.00824889479e-06 -4.80973110161e-08 -9.82516842021e-18
42.9 0.000341849244638 -5.95814572589e-06 -4.72380332728e-08 -1.06443202354e-17
43 0.00034140786779 -5.83768911629e-06 -4.54698093438e-08 1.39647348545e-17
43.1 0.000341045435083 -5.66577146252e-06 -4.29950826867e-08 -4.4550198669e-18
43.2 0.000340784563892 -5.47019879646e-06 -4.00377478722e-08 -1.14602067334e-16
43.3 0.000340637352316 -5.28469797786e-06 -3.68345664255e-08 6.5462516722e-17
43.4 0.000340604030334 -5.14536552568e-06 -3.36257883807e-08 1.15762824361e-17
43.5 0.000340672738822 -5.08690224881e-06 -3.06454665664e-08 -5.38667624999e-18
43.6 0.00034082045136 -5.13899902157e-06 -2.81118185358e-08 -2.16427025981e-17
43.7 0.000341014951846 -5.32322012105e-06 -2.62181947325e-08 4.66238951319e-17
43.8 0.000341217685022 -5.6506779164e-06 -2.51250985932e-08 5.03518469578e-17
43.9 0.000341387213113 -6.12071478728e-06 -2.49536515598e-08 -3.75053154484e-17
44 0.000341482947322 -6.72071158942e-06 -2.57808289602e-08 -9.69511334302e-18
44.1 0.000341468787184 -7.42703252195e-06 -2.76367146062e-08 2.53196576733e-17
44.2 0.000341316303172 -8.20700097469e-06 -3.0503843702e-08 1.05871260661e-16
44.3 0.000341007146057 -9.02169053538e-06 -3.43186254257e-08 2.16638417618e-17
44.4 0.000340534461014 -9.8292267589e-06 -3.89747144324e-08 -4.5434868488e-17
44.5 0.000339903212324 -1.05882483243e-05 -4.43281135816e-08 3.95987443929e-17
44.6 0.000339129459598 -1.12611846556e-05 -5.0203702131e-08 2.27697237647e-17
44.7 0.000338238736954 -1.18170665935e-05 -5.64028582473e-08 -5.18066156661e-17
44.8 0.000337263751485 -1.22336737776e-05 -6.27117872499e-08 3.95988937549e-17
44.9 0.000336241637192 -1.24989076043e-05 -6.89102531085e-08 2.69618153603e-17
45 0.000335210993503 -1.26113433325e-05 -7.47802163282e-08 -4.79216318357e-17
45.1 0.00033420892601 -1.25799600295e-05 -8.01142616939e-08 3.38714440287e-17
45.2 0.000333268301577 -1.24230861246e-05 -8.47232710949e-08 1.63597982862e-17
45.3 0.000332415423793 -1.21666449947e-05 -8.84433299e-08 4.527222053e-17
45.4 0.000331668312925 -1.18418415581e-05 -9.1141455105e-08 -5.22834091912e-17
45.5 0.000331035726348 -1.14824859818e-05 -9.27200669798e-08 4.04345055988e-17
45.6 0.000330516984261 -1.11221886719e-05 -9.31200319298e-08 -1.06210255393e-17
45.7 0.0003301025855 -1.07916705111e-05 -9.23221421343e-08 -7.24263213357e-17
45.8 0.000329775525206 -1.05164128497e-05 -9.0347029766e-08 1.74565979281e-17
45.9 0.000329513168729 -1.03148293085e-05 -8.72533809312e-08 -8.53705060632e-17
46 0.000329289509299 -1.0197082654e-05 -8.31346129115e-08 3.62445937521e-17
46.1 0.000329077610183 -1.01646131045e-05 -7.81140453233e-08 6.86776341726e-17
46.2 0.000328852052873 -1.02103844936e-05 -7.23387202534e-08 -5.31562346101e-17
46.3 0.000328591199868 -1.0319809352e-05 -6.59721930172e-08 -3.94736742433e-17
46.4 0.000328279108186 -1.04722681868e-05 -5.91866025112e-08 2.74723321663e-17
46.5 0.000327906945284 -1.06430990288e-05 -5.21543858124e-08 -2.33790718818e-17
46.6 0.000327473793853 -1.08059007057e-05 -4.50401691268e-08 2.01951642572e-17
46.7 0.000326986774013 -1.09349693346e-05 -3.79932275863e-08 -2.53867411121e-17
46.8 0.000326460462232 -1.10076726919e-05 -3.11410539351e-08 4.58367037574e-17
46.9 0.000325915647327 -1.10065638056e-05 -2.45844484e-08 2.34757203427e-17
47 0.000325377531691 -1.09210502476e-05 -1.83944478907e-08 1.88956758265e-18
47.1 0.000324873548412 -1.07484744447e-05 -1.26113550413e-08 1.54608218342e-17
47.2 0.00032443100519 -1.04945221019e-05 -7.24597976727e-09 2.03612132767e-17
47.3 0.000324074771622 -1.01729488583e-05 -2.28291644663e-09 -5.25005950076e-17
47.4 0.000323825198394 -9.80468336023e-06 2.31423879348e-09 -6.51918211877e-17
47.5 0.000323696408446 -9.41641283992e-06 6.59625615109e-09 3.07620467707e-17
47.6 0.000323695049725 -9.03878049711e-06 1.06206587724e-08 -2.51757479732e-17
47.7 0.000323819559029 -8.70432861166e-06 1.4443776972e-08 -3.97043163579e-17
47.8 0.000324059958658 -8.44531836994e-06 1.81131332531e-08 6.06227751457e-17
47.9 0.000324398185757 -8.29155451343e-06 2.16607205687e-08 2.67635603458e-17
48 0.000324808931997 -8.26834048363e-06 2.50978236176e-08 -1.45236150409e-17
48.1 0.000325260946401 -8.39468529975e-06 2.84117662389e-08 3.53901323706e-17
48.2 0.000325718728697 -8.68187422708e-06 3.1564855585e-08 -3.92220801248e-17
48.3 0.000326144517368 -9.13250010358e-06 3.44956668586e-08 -1.14664595937e-17
48.4 0.000326500456897 -9.74002955739e-06 3.71225530081e-08 -2.23176298239e-17
48.5 0.000326750813791 -1.04889458702e-05 3.93491038588e-08 6.6085315466e-17
48.6 0.000326864103747 -1.13554668822e-05 4.10711031173e-08 8.97723053944e-18
48.7 0.000326814996719 -1.23087872106e-05 4.21845098367e-08 -1.31452714532e-17
48.8 0.000326585884975 -1.33127506677e-05 4.25937279286e-08 4.35572333988e-18
48.9 0.000326168029312 -1.43278328236e-05 4.22196479557e-08 3.88751212056e-17
49 0.000325562232232 -1.53133105383e-05 4.10067653064e-08 9.98877627515e-18
49.1 0.000324779014115 -1.62295081887e-05 3.89289224108e-08 4.23994677057e-17
49.2 0.000323838283349 -1.70400257302e-05 3.59932238511e-08 3.38622281866e-17
49.3 0.000322768497716 -1.7713858806e-05 3.22419316518e-08 2.7859683379e-17
49.4 0.000321605322626 -1.82273129636e-05 2.77521725964e-08 2.03337124884e-17
49.5 0.000320389812117 -1.85655998593e-05 2.26335895628e-08 -3.14589484131e-17
49.6 0.000319166172605 -1.872399534e-05 1.70240551615e-08 -5.10842549832e-17
49.7 0.00031797921096 -1.87084472137e-05 1.10838189568e-08 2.25318438481e-17
49.8 0.00031687160866 -1.85355453429e-05 4.98841477173e-09 -1.32705386264e-17
49.9 0.000315881195774 -1.82318046788e-05 -1.07917218637e-09 -1.07225844699e-16
50 0.000315038419044 -1.78322582536e-05 -6.93669470052e-09 -7.99040322031e-17
50.1 0.000314364204039 -1.7378410883e-05 -1.24106877945e-08 -5.83331892495e-17
50.2 0.000313868397567 -1.69156640117e-05 -1.73439994909e-08 -5.20195924558e-17
50.3 0.000313548939527 -1.6490381062e-05 -2.16024472097e-08 1.25051942416e-20
50.4 0.000313391853874 -1.61468080192e-05 -2.50802953887e-08 6.53037705528e-17
50.5 0.000313372075985 -1.59240837796e-05 -2.77043534302e-08 8.49862164373e-18
50.6 0.000313455060851 -1.58535663378e-05 -2.94365481513e-08 5.81713196521e-17
50.7 0.000313599054296 -1.595667017e-05 -3.02748614654e-08 2.81310131656e-17
50.8 0.000313757862325 -1.62433670973e-05 -3.02526767096e-08 -3.78836476715e-17
50.9 0.000313883922288 -1.67114539072e-05 -2.94365470378e-08 -2.45301506538e-17
51 0.000313931462794 -1.73466381876e-05 -2.79225349305e-08 -1.6521728629e-17
51.1 0.000313859536207 -1.81234393861e-05 -2.58312961531e-08 -1.10183887091e-16
51.2 0.000313634717836 -1.90068464632e-05 -2.33021048988e-08 -7.07567829708e-17
51.3 0.00031323328922 -1.99546200958e-05 -2.04861780831e-08 -4.99704758141e-18
51.4 0.00031264275725 -2.09200822176e-05 -1.75395220185e-08 5.10766909517e-17
51.5 0.000311862603352 -2.1855203035e-05 -1.46157173109e-08 5.12016635862e-17
51.6 0.000310904204438 -2.27137771202e-05 -1.18589670054e-08 -4.43878468079e-17
51.7 0.0003097899188 -2.34544730349e-05 -9.39775351549e-09 -5.06332980735e-17
51.8 0.000308551385926 -2.40435422943e-05 -7.33941303411e-09 4.73408149517e-17
51.9 0.00030722714906 -2.44569833789e-05 -5.76595640295e-09 1.60373911432e-17
52 0.000305859769089 -2.46819814838e-05 -4.73128836904e-09 -2.9428173682e-17
52.1 0.000304492650204 -2.47174925824e-05 -4.26000148059e-09 1.04721304606e-18
52.2 0.00030316683122 -2.4573911954e-05 -4.34776819809e-09 4.01641511652e-17
52.3 0.000301918003769 -2.42718528454e-05 -4.96326300358e-09 4.6002289207e-17
52.4 0.000300773998478 -2.38401432052e-05 -6.0515060438e-09 3.57063517952e-17
52.5 0.000299752938116 -2.33132135179e-05 -7.5383388407e-09 -1.49661629056e-17
52.6 0.000298862201164 -2.2728091745e-05 -9.33576195286e-09 -3.09425912808e-17
52.7 0.000298098277375 -2.21212462014e-05 -1.13477520578e-08 -1.38890820853e-17
52.8 0.000297447531788 -2.15255281024e-05 -1.34761966403e-08 -7.72808541388e-18
52.9 0.000296887826818 -2.09674629993e-05 -1.5626565595e-08 3.27368236818e-17
53 0.000296390883957 -2.04651207013e-05 -1.77129214637e-08 -1.78341970407e-17
53.1 0.000295925200819 -2.00267533118e-05 -1.96620704302e-08 -6.2322592095e-17
53.2 0.000295459281343 -1.96503318301e-05 -2.14165389868e-08 2.59199082178e-17
53.3 0.000294964895987 -1.93240379661e-05 -2.29363022465e-08 -3.79955253082e-17
53.4 0.000294420073507 -1.90276861995e-05 -2.41991988949e-08 -1.75863213073e-17
53.5 0.000293811540964 -1.87349687915e-05 -2.52001092514e-08 2.1211174603e-17
53.6 0.000293136372814 -1.84163399727e-05 -2.59489923997e-08 3.50282167091e-18
53.7 0.000292402676875 -1.80422911296e-05 -2.6468041696e-08 2.57561609182e-17
53.8 0.000291629228143 -1.75867231271e-05 -2.6788166741e-08 6.96836008529e-20
53.9 0.00029084405435 -1.70301000625e-05 -2.6945117976e-08 -2.92632312324e-17
54 0.000290082074247 -1.63620763541e-05 -2.69755476825e-08 5.09170891265e-17
54.1 0.000289381984144 -1.55833269622e-05 -2.69132783424e-08 -4.28753389192e-17
54.2 0.000288782670667 -1.47063787367e-05 -2.67860453471e-08 -6.96791204799e-17
54.3 0.000288319484904 -1.37553350622e-05 -2.66128940899e-08 8.80091905872e-17
54.4 0.000288020733851 -1.27644960464e-05 -2.64024266401e-08 -8.26672828742e-17
54.5 0.000287904723962 -1.17759869333e-05 -2.61519653421e-08 -1.59127081127e-17
54.6 0.00028797763427 -1.08366029456e-05 -2.58476531683e-08 -6.04147375208e-17
54.7 0.000288232413967 -9.99414944431e-06 -2.54654770329e-08 -8.26008195817e-17
54.8 0.000288648803457 -9.29359799208e-06 -2.49731094226e-08 3.08188233489e-17
54.9 0.000289194478299 -8.77339110395e-06 -2.43324301925e-08 4.02932878565e-17
55 0.0002898272197 -8.46221232668e-06 -2.35025803316e-08 -2.5548446339e-18
55.1 0.00029049793113 -8.37649698818e-06 -2.24433117654e-08 1.23392902726e-17
55.2 0.000291154253475 -8.51889806113e-06 -2.11184578517e-08 -9.45962939395e-18
55.3 0.000291744485339 -8.8778458311e-06 -1.94992650262e-08 3.78202008636e-17
55.4 0.000292221490899 -9.42825392717e-06 -1.75674057745e-08 -7.78203119666e-17
55.5 0.000292546275249 -1.01333306832e-05 -1.53174767596e-08 -3.95787140962e-17
55.6 0.000292690926202 -1.09473582638e-05 -1.27587750655e-08 2.22620342316e-17
55.7 0.000292640664739 -1.18192110425e-05 -9.91628294025e-09 -4.32834972032e-17
55.8 0.000292394814869 -1.26963108412e-05 -6.83069648621e-09 3.76846380783e-17
55.9 0.000291966595056 -1.35286719675e-05 -3.55753068698e-09 -1.00227704672e-17
56 0.000291381740302 -1.42726817066e-05 -1.65261907924e-10 7.85148389608e-17
56.1 0.000290676072948 -1.48942928536e-05 3.26740261511e-09 3.96623265359e-17
56.2 0.00028989223718 -1.53713660428e-05 6.65495957551e-09 -3.50855327021e-17
56.3 0.000289075885277 -1.569497822e-05 9.90915062702e-09 -3.6422905473e-17
56.4 0.000288271648853 -1.58695972377e-05 1.29432958011e-08 1.7022494283e-17
56.5 0.000287519246528 -1.59121056372e-05 1.5676718073e-08 4.99452239734e-17
56.6 0.000286850073931 -1.58497408888e-05 1.80389573672e-08 -2.51952355866e-17
56.7 0.000286284592403 -1.57171091251e-05 1.99735092308e-08 -3.77185604539e-17
56.8 0.000285830775283 -1.55525238647e-05 2.14408242478e-08 3.87303681864e-17
56.9 0.00028548378128 -1.53940085243e-05 2.24203485685e-08 1.34304172366e-17
57 0.000285226906407 -1.52753607785e-05 2.2911462069e-08 -1.02861671217e-16
57.1 0.000285033731487 -1.52226894308e-05 2.29332053919e-08 -1.1202275472e-19
57.2 0.000284871250615 -1.52517922731e-05 2.25228104126e-08 -4.649763382e-17
57.3 0.000284703656218 -1.53666528397e-05 2.17330573885e-08 5.27368341559e-17
57.4 0.000284496384027 -1.55592100849e-05 2.06287163499e-08 -2.0775018249e-18
57.5 0.000284219994662 -1.58104160723e-05 1.928224104e-08 -2.29923049503e-18
57.6 0.00028385348892 -1.60924593694e-05 1.77690173289e-08 -1.42806017421e-17
57.7 0.000283386716572 -1.63719105693e-05 1.61625790523e-08 4.91008054872e-17
57.8 0.000282821636132 -1.66134540857e-05 1.45300457109e-08 -2.63631788848e-18
57.9 0.000282172304646 -1.67838170937e-05 1.29282315738e-08 -2.67660579244e-18
58 0.000281463608136 -1.6855496786e-05 1.14006416754e-08 5.06605228723e-17
58.1 0.000280728869384 -1.68099175364e-05 9.97561489166e-09 3.37421583043e-18
58.2 0.000280006577016 -1.66397117128e-05 8.66578813565e-09 -5.61768305533e-17
58.3 0.000279336559896 -1.63499031326e-05 7.46884095376e-09 -5.85696755195e-17
58.4 0.000278755977852 -1.59578743908e-05 6.36952753993e-09 1.9551693058e-17
58.5 0.000278295512006 -1.5492112116e-05 5.34276508749e-09 -5.50399888628e-17
58.6 0.000277976116242 -1.49898384024e-05 4.35752046778e-09 3.11806557995e-17
58.7 0.000277806640997 -1.4493741209e-05 3.38117158315e-09 8.32279571611e-17
58.8 0.000277782567105 -1.40481022311e-05 2.38394361383e-09 -1.55656237306e-17
58.9 0.000277885994103 -1.36946813551e-05 1.34305183014e-09 -5.30950628977e-17
59 0.000278086917109 -1.34687482449e-05 2.46187431422e-10 1.9798029868e-17
59.1 0.000278345703918 -1.33956500442e-05 -9.0595136867e-10 -2.60918861258e-17
59.2 0.000278616559699 -1.34882661326e-05 -2.09831792628e-09 -1.50507533764e-17
59.3 0.000278851655054 -1.37456252222e-05 -3.30147923437e-09 3.31410748293e-17
59.4 0.000279005512047 -1.41528493666e-05 -4.47288026356e-09 -4.4605574058e-17
59.5 0.000279039203797 -1.46824556887e-05 -5.55932348432e-09 5.97711271987e-17
59.6 0.000278923944017 -1.52968976063e-05 -6.5004610737e-09 -5.3439329049e-18
59.7 0.000278643700624 -1.59520991913e-05 -7.23304144363e-09 9.1101685884e-17
59.8 0.000278196571839 -1.66016308027e-05 -7.69550848675e-09 -4.05660286005e-17
59.9 0.000277594793424 -1.72011004375e-05 -7.83266805923e-09 -6.06808166333e-17
60 0.000276863373604 -1.77123405015e-05 -7.60002380935e-09 2.84868997791e-17
60.1 0.000276037494476 -1.81069677164e-05 -6.96742601097e-09 -6.82582747715e-17
60.2 0.000275158932826 -1.83689781523e-05 -5.92179764541e-09 3.65361258638e-17
60.3 0.000274271847505 -1.84961244643e-05 -4.46875036208e-09 -5.79120095248e-17
60.4 0.000273418339059 -1.84999393222e-05 -2.63295041257e-09 -2.87207868928e-17
60.5 0.000272634209894 -1.84043961326e-05 -4.5727118763e-10 2.01459136276e-17
60.6 0.000271945337063 -1.8243327869e-05 1.99921433559e-09 -4.75253143765e-17
60.7 0.000271365014807 -1.80568446144e-05 4.66419560233e-09 -8.74775205089e-17
60.8 0.000270892534224 -1.78870883878e-05 7.45581172541e-09 -3.15203635639e-18
60.9 0.000270513150718 -1.77737303071e-05 1.02868497978e-08 -1.75768329707e-17
61 0.000270199458069 -1.77496450328e-05 1.30690260089e-08 1.43481608174e-17
61.1 0.000269914053088 -1.7837185271e-05 1.57172157316e-08 -3.98292816214e-17
61.2 0.000269613250274 -1.80454255516e-05 1.81532708653e-08 6.96263210155e-17
61.3 0.000269251504881 -1.83686542012e-05 2.03092262995e-08 7.98910446209e-17
61.4 0.000268786133383 -1.87862772285e-05 2.21297893529e-08 5.30255142776e-17
61.5 0.000268181888369 -1.92641702245e-05 2.35740128067e-08 3.39929277762e-17
61.6 0.000267414950478 -1.97573838637e-05 2.46160838726e-08 -4.82306678431e-17
61.7 0.000266475944706 -2.0213980955e-05 2.52453590318e-08 7.1734786975e-17
61.8 0.000265371671757 -2.05796709137e-05 2.54656620765e-08 3.68659495258e-17
61.9 0.00026412536197 -2.08028208854e-05 2.52940138354e-08 8.15622632128e-17
62 0.000262775399143 -2.08393755762e-05 2.4758941684e-08 -3.59463114556e-17
62.1 0.000261372611094 -2.06572179112e-05 2.38984809654e-08 6.3768174086e-17
62.2 0.00025997636401 -2.02395526844e-05 2.27580725794e-08 1.92841868137e-17
62.3 0.000258649811553 -1.95869909276e-05 2.1388397085e-08 2.87663686924e-17
62.4 0.000257454723177 -1.87181408358e-05 1.98433129043e-08 -4.81362729191e-17
62.5 0.00025644634435 -1.76686527018e-05 1.817791166e-08 8.17568389256e-17
62.6 0.000255668729414 -1.6488801614e-05 1.64467476139e-08 4.24700782518e-17
62.7 0.000255150943021 -1.52398114059e-05 1.47022477561e-08 1.3666480281e-17
62.8 0.000254904456243 -1.3989222701e-05 1.29932987203e-08 1.07170814026e-17
62.9 0.000254921969509 -1.2805686644e-05 1.13640286261e-08 -7.45056629513e-17
63 0.000255177777624 -1.17536195859e-05 9.85275139635e-09 4.26015703469e-17
63.1 0.00025562965856 -1.0888174262e-05 8.49105984833e-09 3.70361495123e-17
63.2 0.00025622213002 -1.02509626188e-05 7.3031740873e-09 -1.13770056632e-16
63.3 0.0002568907933 -9.86690345603e-06 6.3054331479e-09 1.32675447674e-18
63.4 0.000257567385912 -9.74247054282e-06 5.50608000469e-09 8.55410799898e-18
63.5 0.000258185100678 -9.865491784e-06 4.90533721492e-09 -4.36627043903e-17
63.6 0.000258683704486 -1.02065078691e-05 4.49577160441e-09 -4.16090304791e-17
63.7 0.000259014007816 -1.07215507196e-05 4.26303281681e-09 -1.32154240643e-17
63.8 0.000259141298399 -1.13560649255e-05 4.18695696946e-09 -8.57379485827e-18
63.9 0.000259047456231 -1.20495883427e-05 4.24294237723e-09 3.74785462753e-17
64 0.000258731600403 -1.27407467858e-05 4.40365079433e-09 -1.23314928415e-18
64.1 0.000258209263468 -1.3372108918e-05 4.64084926277e-09 1.90489033496e-17
64.2 0.000257510226239 -1.38944858219e-05 4.92734808028e-09 -7.59776584631e-17
64.3 0.000256675258912 -1.42703326942e-05 5.23887753785e-09 -1.13803439237e-17
64.4 0.000255752097166 -1.44760028995e-05 5.55575746342e-09 -2.80514193164e-17
64.5 0.000254791030976 -1.45027081188e-05 5.86427337905e-09 1.74870092038e-17
64.6 0.000253840508196 -1.43561450875e-05 6.15754453396e-09 -3.8719438213e-17
64.7 0.000252943146091 -1.40548649012e-05 6.43590896069e-09 8.49006469733e-18
64.8 0.000252132506688 -1.36275716425e-05 6.70668090904e-09 -1.20979202932e-17
64.9 0.000251430915388 -1.31096392923e-05 6.9833445961e-09 8.99772233265e-17
65 0.000250848493398 -1.25392109677e-05 7.28415963664e-09 1.50360695352e-17
65.1 0.000250383446108 -1.195327909e-05 7.63033539848e-09 7.37585149555e-17
65.2 0.000250023519641 -1.13841368958e-05 8.04384064672e-09 -3.14256441881e-17
65.3 0.000249748423422 -1.08565411645e-05 8.54507549907e-09 -5.0753290311e-17
65.4 0.000249532928241 -1.03858423427e-05 9.15053726709e-09 9.12508188884e-17
65.5 0.000249350293598 -9.97723115579e-06 9.87069937389e-09 9.21459808275e-17
65.6 0.00024917565812 -9.62613090647e-06 1.07082487273e-08 -2.3506366226e-17
65.7 0.000248989042963 -9.31964913244e-06 1.16568856714e-08 -3.36772384558e-17
65.8 0.000248777675818 -9.03889708045e-06 1.27007245128e-08 -2.84508502711e-17
65.9 0.000248537414046 -8.76191196928e-06 1.38144371874e-08 8.76216493045e-18
66 0.00024827314532 -8.46686285108e-06 1.49640710355e-08 2.61306447142e-17
66.1 0.000247998141779 -8.13519972368e-06 1.61085792402e-08 3.58742134101e-17
66.2 0.000247732445151 -7.75441346101e-06 1.72019112302e-08 4.54017823574e-17
66.3 0.000247500455441 -7.32011523112e-06 1.81955488407e-08 4.11038073287e-17
66.4 0.000247327977041 -6.8372149903e-06 1.90412709778e-08 -4.44327897478e-17
66.5 0.000247239032548 -6.32007320185e-06 1.96940765846e-08 -3.60327929406e-17
66.6 0.000247252778353 -5.79160635936e-06 2.01148973385e-08 -2.6725304593e-17
66.7 0.000247380844618 -5.2814329216e-06 2.02730635613e-08 -6.46579761836e-17
66.8 0.00024762537537 -4.82324191367e-06 2.01482989451e-08 3.09795501735e-17
66.9 0.000247977971368 -4.45164348174e-06 1.97320899088e-08 -1.83933019239e-17
67 0.000248419647146 -4.19880654475e-06 1.90284095485e-08 -3.40154858082e-17
67.1 0.000248921813328 -4.09121094965e-06 1.80537187751e-08 7.30070371893e-17
67.2 0.000249448204195 -4.14682549093e-06 1.68362433829e-08 2.84599476875e-17
67.3 0.000249957584959 -4.37298411459e-06 1.54146382414e-08 4.60581123923e-17
67.4 0.000250407004492 -4.76516943681e-06 1.38360778684e-08 2.58764332394e-18
67.5 0.000250755305193 -5.30683055785e-06 1.21539314444e-08 -5.89169524726e-17
67.6 0.000250966569676 -5.97026680546e-06 1.04252074071e-08 4.69759426391e-17
67.7 0.00025101318177 -6.71850865407e-06 8.7078789889e-09 3.80236317911e-17
67.8 0.000250878211079 -7.50803265113e-06 7.05827752027e-09 2.81406812923e-17
67.9 0.000250556894643 -8.29206877121e-06 5.52872190239e-09 -6.4973067077e-18
68 0.000250057078353 -9.02420471917e-06 4.16546814378e-09 4.82647995578e-17
68.1 0.00024939857942 -9.66196087151e-06 3.00712406181e-09 -2.40617400809e-17
68.2 0.000248611536374 -1.01700165058e-05 2.08354612805e-09 -2.96765297038e-17
68.3 0.000247733905512 -1.05227958887e-05 1.41525068499e-09 -1.05804196737e-16
68.4 0.000246808342526 -1.07061881067e-05 1.01334275704e-09 -2.1516521384e-17
68.5 0.000245878762634 -1.07182608196e-05 8.79874965961e-10 5.16112604179e-17
68.6 0.000244986896836 -1.05689287461e-05 1.00858503936e-09 4.22514614542e-17
68.7 0.000244169153684 -1.02786380532e-05 1.38593393016e-09 -6.03329173044e-17
68.8 0.000243454058404 -9.87621644959e-06 1.99231682956e-09 3.15723817212e-17
68.9 0.000242860480556 -9.39610868285e-06 2.80332793122e-09 -5.77533712434e-17
69 0.000242396784835 -8.8752658953e-06 3.791074755e-09 4.01229665532e-17
69.1 0.000242060952782 -8.3499846323e-06 4.92535416923e-09 2.93869557485e-17
69.2 0.000241841630077 -7.85299473194e-06 6.17470605993e-09 -1.77077533451e-17
69.3 0.000241719959526 -7.41107075035e-06 7.50728246515e-09 -8.47151176786e-18
69.4 0.000241671976117 -7.04338151917e-06 8.89153471506e-09 2.06646699001e-17
69.5 0.000241671281065 -6.76070210143e-06 1.02966874738e-08 3.59292264396e-18
69.6 0.000241691693613 -6.56550354198e-06 1.16930591291e-08 -1.23031754479e-19
69.7 0.00024170960744 -6.45283227262e-06 1.30522371617e-08 6.03739663503e-17
69.8 0.000241705840179 -6.41181343931e-06 1.434716605e-08 5.70732926409e-18
69.9 0.000241666843779 -6.42756853604e-06 1.55521751096e-08 1.63363652575e-17
70 0.000241585221727 -6.48332342003e-06 1.66429941869e-08 -5.49310781036e-17
70.1 0.000241459565823 -6.56249031059e-06 1.75968269161e-08 -2.24021436239e-17
70.2 0.000241293680596 -6.65052581587e-06 1.83924138658e-08 3.38257104271e-17
70.3 0.000241095309581 -6.73639536022e-06 1.90102359758e-08 -4.48485735027e-17
70.4 0.000240874517887 -6.81351279813e-06 1.94327413637e-08 1.93134325009e-17
70.5 0.000240641916979 -6.88007532263e-06 1.96446667854e-08 2.82393150855e-17
70.6 0.000240406935062 -6.938776433e-06 1.96333902183e-08 1.26992819928e-17
70.7 0.000240176333257 -6.99594856746e-06 1.93893435657e-08 1.9618993366e-17
70.8 0.000239953140559 -7.06025284632e-06 1.89064113749e-08 -5.86704503063e-18
70.9 0.000239736130399 -7.14108571594e-06 1.81823070036e-08 -1.23077284818e-16
71 0.000239519894675 -7.24690305907e-06 1.72189296078e-08 -4.02934772863e-17
71.1 0.00023929549809 -7.38366819138e-06 1.60226478942e-08 4.12986443291e-17
71.2 0.000239051626685 -7.5536118356e-06 1.46044963984e-08 -3.11051124637e-17
71.3 0.000238776088924 -7.7544547287e-06 1.29803132876e-08 -4.73531734171e-17
71.4 0.000238457490314 -7.97919094569e-06 1.11707834231e-08 9.04954731583e-18
71.5 0.000238086885259 -8.21646753082e-06 9.20139175862e-09 5.10294538474e-17
71.6 0.000237659212073 -8.45152856658e-06 7.10227773241e-09 1.44634007297e-17
71.7 0.000237174337989 -8.66762582909e-06 4.90805087856e-09 -8.26438807211e-18
71.8 0.000236637580186 -8.84774135464e-06 2.6574490775e-09 -3.09082997537e-17
71.9 0.000236059623876 -8.97642787935e-06 3.92980739212e-10 -5.33202327434e-18
72 0.000235455825876 -9.04155810929e-06 -1.83957779179e-09 5.6762250915e-17
72.1 0.000234844962602 -9.03578195577e-06 -3.99176810223e-09 -2.82003854343e-17
72.2 0.000234247547795 -8.95752777989e-06 -6.01313717485e-09 4.44175117467e-17
72.3 0.000233683895679 -8.81143146886e-06 -7.85207131584e-09 -4.83321241596e-17
72.4 0.000233172136437 -8.60814005064e-06 -9.45672017671e-09 -5.73942612213e-17
72.5 0.000232726397174 -8.36350077676e-06 -1.0776058184e-08 -6.94403525211e-17
72.6 0.000232355343014 -8.09720929561e-06 -1.1761056676e-08 -2.07991298477e-17
72.7 0.000232061232763 -7.83104513868e-06 -1.23659966937e-08 -5.83864696716e-18
72.8 0.000231839589322 -7.58686402182e-06 -1.25497709642e-08 5.14866662973e-17
72.9 0.000231679524901 -7.3845417989e-06 -1.227731829e-08 2.11977594833e-17
73 0.000231564700298 -7.24007395846e-06 -1.15210188876e-08 9.53446356536e-18
73.1 0.00023147483843 -7.16402666734e-06 -1.02620223443e-08 -7.30559032595e-17
73.2 0.000231387654921 -7.16051008939e-06 -8.49148347933e-09 5.44002322189e-18
73.3 0.000231281017176 -7.22679902215e-06 -6.21164709666e-09 2.1923586968e-17
73.4 0.000231135106693 -7.35365965679e-06 -3.43663771751e-09 6.27233219518e-17
73.5 0.000230934348275 -7.52636036193e-06 -1.93024247076e-10 3.2266749931e-17
73.6 0.000230668890436 -7.72626141705e-06 3.47998502558e-09 -1.43663457907e-17
73.7 0.000230335471955 -7.93280810391e-06 7.53074129676e-09 -1.7957472302e-17
73.8 0.000229937580738 -8.12570527478e-06 1.18957101316e-08 -1.7522005986e-17
73.9 0.000229484891659 -8.28703419692e-06 1.65005142458e-08 -8.33040477585e-18
74 0.000228992049812 -8.40308256814e-06 2.12613397475e-08 3.05136718706e-17
74.1 0.000228476937458 -8.46569215074e-06 2.60867088698e-08 6.6740034402e-17
74.2 0.000227958620005 -8.47298121087e-06 3.08796592265e-08 2.40338083818e-17
74.3 0.000227455201666 -8.42936704344e-06 3.55401443305e-08 -2.70006712151e-17
74.4 0.000226981829112 -8.34489124576e-06 3.99676895026e-08 5.30830096211e-17
74.5 0.000226549060186 -8.23392813477e-06 4.40641364454e-08 4.41005702513e-18
74.6 0.000226161769277 -8.11342377335e-06 4.77364579061e-08 -3.87791924667e-18
74.7 0.000225818699476 -8.00086185096e-06 5.08994612142e-08 -3.56170459004e-17
74.8 0.000225512702337 -7.91217805677e-06 5.34783733944e-08 -3.9539965301e-17
74.9 0.000225231636071 -7.85984621504e-06 5.54111227322e-08 -1.84343708686e-17
75 0.000224959828424 -7.8513392736e-06 5.66502792323e-08 4.80995429257e-17
75.1 0.000224679956182 -7.88813055142e-06 5.71646064386e-08 4.37572143346e-18
75.2 0.000224375152113 -7.96534956267e-06 5.6940041958e-08 -4.60715663202e-17
75.3 0.000224031123909 -8.0721448764e-06 5.59801970486e-08 8.5641051916e-17
75.4 0.000223638060575 -8.19273597888e-06 5.43062642907e-08 4.0875790346e-17
75.5 0.00022319211381 -8.30806167153e-06 5.19563495625e-08 5.25205832716e-18
75.6 0.000222696277507 -8.3978630159e-06 4.8984241204e-08 1.16891092878e-17
75.7 0.000222160546062 -8.44298501753e-06 4.545767025e-08 -2.65115142117e-17
75.8 0.000221601305424 -8.42765140664e-06 4.14561056748e-08 -1.30890444118e-17
75.9 0.000221039991578 -8.34146472295e-06 3.70681824315e-08 -4.10375822975e-17
76 0.000220501130916 -8.18090858061e-06 3.23888321525e-08 -2.20185048162e-17
76.1 0.000220009947352 -7.95017626159e-06 2.75162841801e-08 2.55248526361e-17
76.2 0.000219589774832 -7.66121462191e-06 2.25489732754e-08 8.07793694218e-17
76.3 0.000219259544964 -7.33294949592e-06 1.7582560538e-08 5.33573294693e-17
76.4 0.000219031623396 -6.98974367288e-06 1.27071382686e-08 2.31998054667e-17
76.5 0.000218910242386 -6.65922435872e-06 8.00471865128e-09 -2.929366863e-17
76.6 0.00021889072033 -6.36969473412e-06 3.5471510953e-09 1.29186178695e-17
76.7 0.000218959575517 -6.14740104929e-06 -6.05513198969e-10 8.94188222823e-17
76.8 0.00021909554081 -6.01395103143e-06 -4.40611315683e-09 7.17804192143e-18
76.9 0.000219271382486 -5.98416459787e-06 -7.82091594267e-09 -6.25205677012e-17
77 0.000219456335484 -6.06458673538e-06 -1.08295913713e-08 -2.38159588412e-17
77.1 0.000219618901531 -6.25281461427e-06 -1.34246568981e-08 4.85744372279e-17
77.2 0.000219729723075 -6.53770052299e-06 -1.56104481157e-08 2.88410717487e-17
77.3 0.000219764246019 -6.90040203209e-06 -1.74016549409e-08 -1.58259360595e-17
77.4 0.000219704913359 -7.31617084202e-06 -1.88215576755e-08 1.0230243735e-17
77.5 0.000219542682491 -7.75670699e-06 -1.99000287097e-08 -5.54921676332e-17
77.6 0.000219277723818 -8.19285628434e-06 -2.06714646718e-08 3.97627784204e-17
77.7 0.000218919232894 -8.59739568924e-06 -2.11727068965e-08 -5.00475632971e-17
77.8 0.000218484369608 -8.94763643578e-06 -2.14411074113e-08 2.55759787515e-17
77.9 0.000217996421604 -9.22758301091e-06 -2.15128479577e-08 -1.75489336643e-17
78 0.000217482366983 -9.42942434123e-06 -2.14215138119e-08 1.41467199549e-17
78.1 0.000216970073659 -9.55419798375e-06 -2.11971298602e-08 -1.888334895e-17
78.2 0.000216485410703 -9.61155400308e-06 -2.08655316003e-08 -3.20516578936e-17
78.3 0.000216049556251 -9.61863733976e-06 -2.04482196389e-08 6.00911202292e-17
78.4 0.000215676768088 -9.59819531782e-06 -1.99625783512e-08 2.86771673227e-17
78.5 0.000215372841285 -9.57609181917e-06 -1.94224641247e-08 4.64724788419e-17
78.6 0.000215134416981 -9.57846740674e-06 -1.88390674478e-08 -4.961523393e-17
78.7 0.000214949230672 -9.6288227035e-06 -1.82219715889e-08 5.17616374785e-17
78.8 0.000214797300193 -9.74531766356e-06 -1.75802684067e-08 8.44396521016e-17
78.9 0.000214652958047 -9.93856789523e-06 -1.69236824873e-08 7.52888452954e-18
79 0.000214487539661 -1.02101775537e-05 -1.62635027369e-08 1.72516524804e-17
79.1 0.000214272461833 -1.05521778465e-05 -1.56133173506e-08 3.78370936989e-17
79.2 0.000213982377064 -1.09474481065e-05 -1.4989408423e-08 3.57478075172e-17
79.3 0.00021359807702 -1.13710946516e-05 -1.44107929936e-08 -4.55686731963e-17
79.4 0.000213108843196 -1.17926636732e-05 -1.38988365707e-08 -1.81674848847e-17
79.5 0.000212513999994 -1.2178979374e-05 -1.34765189171e-08 6.5134644684e-17
79.6 0.000211823506374 -1.24973358505e-05 -1.31673335923e-08 -3.78978608114e-17
79.7 0.000211057516962 -1.27187363078e-05 -1.29939533374e-08 1.17544187472e-17
79.8 0.000210244941777 -1.28208679949e-05 -1.29767347082e-08 -1.13597061809e-16
79.9 0.00020942112665 -1.27905245786e-05 -1.31321784361e-08 -9.31618588015e-17
80 0.000208624857064 -1.26252365444e-05 -1.34714786284e-08 -4.80131332816e-17
80.1 0.000207894950955 -1.23339401258e-05 -1.39992971146e-08 3.92318554846e-17
80.2 0.000207266747098 -1.19366008209e-05 -1.47128714008e-08 -4.76671239414e-17
80.3 0.00020676881212 -1.14628022384e-05 -1.56015377518e-08 -3.99445027054e-17
80.4 0.000206420178851 -1.09494075091e-05 -1.66467229645e-08 6.59619483585e-18
80.5 0.000206228389571 -1.04374905953e-05 -1.78224372972e-08 1.97290276741e-17
80.6 0.000206188549853 -9.96880969929e-06 -1.90962386714e-08 3.09560339625e-17
80.7 0.000206283505878 -9.58214566954e-06 -2.04306247829e-08 -9.98587507059e-18
80.8 0.000206485149258 -9.30984811924e-06 -2.17847363658e-08 1.12221505903e-17
80.9 0.000206756740927 -9.17491758929e-06 -2.31163111365e-08 -2.54393195373e-17
81 0.00020705604319 -9.18890441776e-06 -2.43836575751e-08 -1.08144064224e-16
81.1 0.00020733896885 -9.35082869863e-06 -2.55476340421e-08 3.16867019097e-17
81.2 0.000207563407212 -9.64722885424e-06 -2.65733992141e-08 1.39003322053e-17
81.3 0.000207692872714 -1.00533388548e-05 -2.74318598265e-08 -1.59834842897e-17
81.4 0.000207699642028 -1.05352871585e-05 -2.81007158552e-08 6.33007379674e-17
81.5 0.000207567095693 -1.10531148201e-05 -2.85650536962e-08 9.37017821443e-17
81.6 0.000207291054747 -1.15643355203e-05 -2.88174543547e-08 -6.04544597498e-17
81.7 0.000206879994353 -1.20277129753e-05 -2.88576210463e-08 2.71089225432e-17
81.8 0.000206354117604 -1.24069141999e-05 -2.86916159025e-08 -5.22478143734e-18
81.9 0.000205743375663 -1.26737098506e-05 -2.83307450029e-08 -1.88728631476e-17
82 0.000205084616267 -1.28104333692e-05 -2.77902030571e-08 3.0269981653e-17
82.1 0.000204418122499 -1.28114759016e-05 -2.70876498535e-08 -1.97694351102e-17
82.2 0.000203783859197 -1.2683679585e-05 -2.62417798607e-08 -4.24585408243e-17
82.3 0.000203217770322 -1.24455909884e-05 -2.52710207684e-08 -7.96094933268e-17
82.4 0.000202748465138 -1.21256408972e-05 -2.41924940124e-08 2.43507748986e-17
82.5 0.000202394595958 -1.17594174787e-05 -2.30212527749e-08 -2.0384354067e-18
82.6 0.000202163168226 -1.13862879322e-05 -2.17699208201e-08 1.68480896512e-17
82.7 0.000202048938762 -1.10456890991e-05 -2.04486328483e-08 5.35131271378e-17
82.8 0.000202034956 -1.07734404342e-05 -1.90654046974e-08 5.03752901679e-18
82.9 0.000202094186917 -1.05984275584e-05 -1.76267065414e-08 -8.43067129144e-18
83 0.000202192071028 -1.05399631165e-05 -1.61383132804e-08 4.54459713371e-18
83.1 0.000202289754801 -1.06060617272e-05 -1.46062088966e-08 4.61875594087e-18
83.2 0.000202347697931 -1.07927769473e-05 -1.30375484243e-08 -9.46860800443e-18
83.3 0.000202329311383 -1.10846482879e-05 -1.14414935045e-08 -4.80324207925e-17
83.4 0.000202204288441 -1.14562027257e-05 -9.82983710895e-09 1.26828813272e-16
83.5 0.000201951324308 -1.18743570675e-05 -8.21739749795e-09 7.04453202198e-18
83.6 0.000201559983406 -1.23014857802e-05 -6.62206259933e-09 6.37975560811e-17
83.7 0.000201031558479 -1.26988625794e-05 -5.06453281241e-09 3.68192357466e-17
83.8 0.000200378861588 -1.30301578474e-05 -3.56769327237e-09 9.73488984399e-18
83.9 0.000199624984143 -1.32646772329e-05 -2.15575757636e-09 2.35033803862e-19
84 0.00019880115291 -1.33800570936e-05 -8.53156914294e-10 -1.10503700101e-17
84.1 0.000197943885271 -1.3364185297e-05 3.16671373578e-10 7.13472295519e-18
84.2 0.000197091705248 -1.32161862542e-05 1.33253069576e-09 -1.3917983543e-17
84.3 0.000196281717233 -1.29463936024e-05 2.17663650859e-09 -1.6101711657e-17
84.4 0.000195546344734 -1.25753235343e-05 2.83562885107e-09 -4.24004234513e-17
84.5 0.000194910524256 -1.21317501331e-05 3.3013207375e-09 4.70534466534e-17
84.6 0.000194389601366 -1.16500619062e-05 3.5711492246e-09 -1.68222575273e-17
84.7 0.000193988112578 -1.11671393708e-05 3.64829334863e-09 5.05132565239e-17
84.8 0.000193699558605 -1.07190341923e-05 3.54144007163e-09 -2.31429186681e-18
84.9 0.000193507187661 -1.03377494552e-05 3.26427714653e-09 4.82926627258e-17
85 0.000193385716658 -1.00484161843e-05 2.83468243944e-09 -5.22166727874e-17
85.1 0.000193303829252 -9.86713003633e-06 2.27374738652e-09 6.31879807834e-19
85.2 0.00019322721193 -9.79965256724e-06 1.60469344386e-09 1.06743913241e-16
85.3 0.000193121833728 -9.84109693992e-06 8.51749943194e-10 4.19647688085e-17
85.4 0.000192957151147 -9.97661786747e-06 3.91434526657e-11 -2.84212224981e-17
85.5 0.000192708931477 -1.01830233612e-05 -8.09833910892e-10 5.48349433879e-18
85.6 0.000192361432395 -1.0431135464e-05 -1.6735187607e-09 6.56038530103e-17
85.7 0.00019190874551 -1.06886593706e-05 -2.53239338682e-09 2.16574355226e-17
85.8 0.000191355196626 -1.09232806944e-05 -3.3693140429e-09 -1.83711551188e-17
85.9 0.000190714786568 -1.11056997446e-05 -4.16957754895e-09 -9.55682638099e-17
86 0.000190009745062 -1.12123268034e-05 -4.92077049881e-09 -5.19072588999e-17
86.1 0.000189268349352 -1.12273999374e-05 -5.61251324182e-09 5.80200238221e-17
86.2 0.000188522222064 -1.11443433342e-05 -6.23612733933e-09 1.15152992077e-16
86.3 0.000187803364363 -1.09662550769e-05 -6.78430565732e-09 -5.43179328955e-18
86.4 0.000187141197975 -1.07054928615e-05 -7.25084212506e-09 -1.87328155523e-17
86.5 0.000186559883274 -1.03824078053e-05 -7.6304907523e-09 -7.07344870452e-18
86.6 0.000186076152788 -1.00233530746e-05 -7.91894952092e-09 4.12032849618e-17
86.7 0.000185697851864 -9.65815982563e-06 -8.11303532835e-09 -5.96577168718e-17
86.8 0.000185423315203 -9.31724049058e-06 -8.21098732201e-09 1.04649159465e-17
86.9 0.000185238485126 -9.02581282226e-06 -8.2129312206e-09 -3.11893188403e-17
87 0.000185120252334 -8.80878048609e-06 -8.12142373527e-09 -4.80793283768e-17
87.1 0.000185033933529 -8.73501879776e-06 -7.94200277696e-09 -3.46761705516e-17
87.2 0.000184976619612 -8.71364974205e-06 -7.68369792685e-09 -7.36088577005e-17
87.3 0.000184915761074 -8.79581669549e-06 -7.35944395506e-09 9.62661501427e-18
87.4 0.000184778662652 -8.97301287897e-06 -6.98625875948e-09 -5.71836324928e-17
87.5 0.000184571332984 -9.23790425752e-06 -6.58521189574e-09 -2.3695449719e-17
87.6 0.000184312319992 -9.54204203945e-06 -6.18109776519e-09 -4.68299434126e-17
87.7 0.000183910379057 -9.87676456134e-06 -5.80181442196e-09 -7.65215218366e-19
87.8 0.000183472453969 -1.01797482681e-05 -5.47743369041e-09 -5.01262857434e-18
87.9 0.000182928610211 -1.04550839525e-05 -5.23903534766e-09 2.85886772476e-17
88 0.000182275693971 -1.06613062319e-05 -5.11733944684e-09 -1.76287072044e-17
88.1 0.000181609316999 -1.07790245332e-05 -5.14120033951e-09 -8.52245079052e-17
88.2 0.000180912968502 -1.0803609821e-05 -5.33611591464e-09 1.2488890862e-17
88.3 0.000180202406487 -1.07487831202e-05 -5.72276303767e-09 2.39756030023e-17
88.4 0.000179195162197 -1.04919392136e-05 -6.31575347817e-09 3.91369896084e-17
88.5 0.000178411742317 -1.02148705477e-05 -7.12265095253e-09 -8.37831749506e-18
88.6 0.00017786546935 -9.92573654144e-06 -8.14333670522e-09 3.76354976003e-17
88.7 0.000177411786785 -9.57874267502e-06 -9.36976045192e-09 -2.61952997728e-17
88.8 0.000177055855631 -9.20096834978e-06 -1.07861595651e-08 -3.27622164518e-17
88.9 0.000176804943732 -8.85215341845e-06 -1.23696744219e-08 -2.96884626854e-17
89 0.000176595289428 -8.56247729441e-06 -1.40913739246e-08 -6.9983278189e-17
89.1 0.000176349207154 -8.35656402016e-06 -1.5917631033e-08 -6.68346445687e-17
89.2 0.00017628164059 -8.17948562656e-06 -1.78117038826e-08 1.54825521833e-17
89.3 0.000176254734318 -8.08262148189e-06 -1.97355046802e-08 -1.62525547996e-17
89.4 0.000176216392898 -8.06231471332e-06 -2.16513702537e-08 6.12200496986e-17
89.5 0.000176117633409 -8.11387124546e-06 -2.35237538203e-08 -4.32888783922e-17
89.6 0.000175852664794 -8.03518044062e-06 -2.53207294095e-08 -7.36867066556e-17
89.7 0.000175680325204 -8.18279065057e-06 -2.70151766847e-08 6.33419767531e-18
89.8 0.000175465464678 -8.3298608884e-06 -2.85856312642e-08 7.63328593644e-18
89.9 0.000175129278751 -8.38885673441e-06 -3.00167202883e-08 -2.55410255853e-17
90 0.000174794562601 -8.49294930658e-06 -3.12991546125e-08 -3.56006693965e-17
90.1 0.000174446143368 -8.64356496552e-06 -3.2429337863e-08 1.23625288294e-17
90.2 0.000174049730633 -8.78145794989e-06 -3.34086116663e-08 4.65501183975e-18
90.3 0.000173641285894 -8.87466278011e-06 -3.42421759488e-08 5.05697387278e-17
90.4 0.000173266530027 -8.90070087387e-06 -3.4937857828e-08 -5.48583244107e-17
90.5 0.000172869262811 -8.87122553088e-06 -3.55047558024e-08 5.94427329764e-18
90.6 0.0001725331753 -8.82747485442e-06 -3.59518852553e-08 8.99054174221e-17
90.7 0.000172233726538 -8.77860328594e-06 -3.62869563156e-08 -5.01716876115e-17
90.8 0.000171705955922 -8.80045790174e-06 -3.6515338872e-08 4.07382226183e-17
90.9 0.000171430090511 -8.72013676329e-06 -3.66393179497e-08 -4.88175306704e-17
91 0.000171227654998 -8.65679155795e-06 -3.66576572311e-08 -5.07273414115e-17
91.1 0.000171073712956 -8.64748100903e-06 -3.65655567511e-08 6.10681133083e-17
91.2 0.000170872340582 -8.68583552627e-06 -3.6354910432e-08 2.30283460943e-17
91.3 0.000170685464068 -8.78834795556e-06 -3.60149365856e-08 5.73748214179e-17
91.4 0.000170456840642 -8.96284813993e-06 -3.5533065702e-08 1.79028737327e-17
91.5 0.000170297105594 -9.16186577381e-06 -3.48960353705e-08 -1.75277411759e-18
91.6 0.000170097193638 -9.37833897334e-06 -3.40911377867e-08 1.43607314002e-17
91.7 0.000169850726096 -9.63641359215e-06 -3.31074685233e-08 -3.00272187008e-17
91.8 0.000169445149802 -9.88393577881e-06 -3.19371985458e-08 -9.90890905607e-18
91.9 0.000169007874469 -1.01617428903e-05 -3.05766553142e-08 -1.12804708949e-17
92 0.00016858210345 -1.04083374613e-05 -2.90272602445e-08 3.89879721055e-17
92.1 0.000168121327013 -1.06438948395e-05 -2.72961800093e-08 -6.72305615562e-17
92.2 0.000167571439961 -1.07935226646e-05 -2.53966940324e-08 2.19627600301e-17
92.3 0.000167011021456 -1.09784670527e-05 -2.33482601095e-08 -7.13109677677e-17
92.4 0.000166489839652 -1.10566610757e-05 -2.11762728099e-08 -1.01487378683e-17
92.5 0.000165953880406 -1.10981712601e-05 -1.89114864625e-08 6.84623594755e-17
92.6 0.0001654280117 -1.11181071088e-05 -1.65891934856e-08 3.6957186035e-17
92.7 0.000164917771056 -1.10907539878e-05 -1.42482014758e-08 -1.69356347141e-18
92.8 0.000164322486958 -1.10292850856e-05 -1.19296086976e-08 -7.53008447504e-17
92.9 0.000163856964795 -1.09362261209e-05 -9.67549422227e-09 9.08492079698e-18
93 0.000163450772854 -1.08554648656e-05 -7.52754572517e-09 2.767490082e-17
93.1 0.000163101348573 -1.07876123617e-05 -5.52571231262e-09 -2.50512544883e-17
93.2 0.000162755923547 -1.07349528527e-05 -3.70697952032e-09 3.94478380051e-17
93.3 0.000162387428581 -1.06864889594e-05 -2.10418851014e-09 -5.9844346197e-17
93.4 0.000162059018014 -1.06687528033e-05 -7.45118482309e-10 4.9341436464e-17
93.5 0.000161692187316 -1.06277667229e-05 3.48261623449e-10 -3.90233125049e-17
93.6 0.000161324958129 -1.06525004817e-05 1.16028209585e-09 6.42863352956e-18
93.7 0.000160943732948 -1.06477728763e-05 1.68183032957e-09 -5.45895753121e-17
93.8 0.000160441782271 -1.06754333519e-05 1.91033406383e-09 3.97315188501e-17
93.9 0.000159670508635 -1.083601541e-05 1.8495320576e-09 -4.07127903347e-17
94 0.000159253121829 -1.0842199015e-05 1.50900382969e-09 2.33515990972e-17
94.1 0.00015875813507 -1.07918666781e-05 9.03524519053e-10 -2.84979411475e-17
94.2 0.000158324056788 -1.0762052781e-05 5.23197708872e-11 -1.06236622095e-18
94.3 0.000157878481989 -1.07380778423e-05 -1.02183155546e-09 -5.43310445422e-17
94.4 0.000157431481294 -1.06772256879e-05 -2.29349615649e-09 2.50769382257e-17
94.5 0.000156265438928 -1.04915755305e-05 -3.73548042755e-09 1.51970111591e-17
94.6 0.000155776027617 -1.0536908705e-05 -5.31967983259e-09 1.89974072494e-17
94.7 0.000154679921317 -1.02516288841e-05 -7.01782098353e-09 -5.01507041014e-17
94.8 0.000154088513074 -1.01259507688e-05 -8.80213132638e-09 -2.29176250817e-17
94.9 0.00015368605747 -9.921561703e-06 -1.0645800099e-08 5.67889274435e-17
95 0.000153222253414 -1.00227681469e-05 -1.25233876737e-08 3.60475019495e-18
95.1 0.0001529263789 -9.89994671165e-06 -1.44110420558e-08 -5.04378679482e-17
95.2 0.000152576972623 -9.83803886191e-06 -1.62866507746e-08 -7.94473285046e-17
95.3 0.000152288088736 -9.81326074438e-06 -1.81298823891e-08 -1.10251514854e-16
95.4 0.000152038860478 -9.7603616867e-06 -1.99222216776e-08 -4.15971243594e-17
95.5 0.000151766316138 -9.76758868324e-06 -2.16469401819e-08 3.80255829943e-17
95.6 0.000151524145782 -9.78609704961e-06 -2.32891235555e-08 4.97671544072e-17
95.7 0.000151200740859 -9.77318990891e-06 -2.48357232795e-08 -2.0248212717e-17
95.8 0.000150918319235 -9.77658290162e-06 -2.62756805227e-08 -8.43623715034e-17
95.9 0.000150631590389 -9.80944722414e-06 -2.76000783839e-08 -4.16763627424e-18
96 0.000150213204354 -9.71259781677e-06 -2.88023716379e-08 -5.72702113051e-17
96.1 0.000149859043017 -9.71005810401e-06 -2.98786393263e-08 7.09928886771e-17
96.2 0.000149486893724 -9.73616707595e-06 -3.08278360627e-08 -3.50406909746e-17
96.3 0.000149170901432 -9.71993197693e-06 -3.1652027986e-08 -6.99918641704e-17
96.4 0.000148833168245 -9.65076352732e-06 -3.23565273449e-08 2.05554468791e-17
96.5 0.000148517081109 -9.59471737952e-06 -3.29499567089e-08 -4.37191405322e-17
96.6 0.000148147478991 -9.46535723661e-06 -3.34441482792e-08 4.29627225965e-17
96.7 0.000147813768903 -9.33542596109e-06 -3.38539056947e-08 2.24135968063e-18
96.8 0.000147363854284 -9.13874617873e-06 -3.41965894572e-08 -4.40914523089e-17
96.9 0.000146984682418 -9.03885983905e-06 -3.44915398115e-08 -3.72380670605e-17
97 0.000146692777832 -8.92801385828e-06 -3.47593470808e-08 -3.62972688751e-17
97.1 0.000146220855378 -8.66087316566e-06 -3.50210276108e-08 -1.53369333738e-17
97.2 0.000146073030915 -8.63564099251e-06 -3.52970928096e-08 4.67769759206e-17
97.3 0.000145889787538 -8.62259892426e-06 -3.56066169521e-08 4.68119358406e-17
97.4 0.000145729484392 -8.60849451228e-06 -3.59663191809e-08 4.07006527822e-17
97.5 0.000145491121352 -8.61276684064e-06 -3.63897370337e-08 -3.80902237421e-17
97.6 0.000145296793222 -8.67972374169e-06 -3.68864998246e-08 6.89113493967e-17
97.7 0.000145131177798 -8.77700620526e-06 -3.74618274786e-08 -2.14228271711e-20
97.8 0.000144722974829 -8.88042250689e-06 -3.81161914325e-08 3.68020360345e-17
97.9 0.000144195985362 -8.97851887134e-06 -3.88452391017e-08 6.16208542169e-17
98 0.000143892173165 -9.0364415203e-06 -3.96399410006e-08 7.29550304922e-17
98.1 0.000143575114719 -9.08333824087e-06 -4.04869761203e-08 -1.74009718584e-17
98.2 0.000143208968958 -9.10887166393e-06 -4.13693317146e-08 -2.06866970763e-17
98.3 0.000138832529756 -9.00693681471e-06 -4.22670572015e-08 5.64113876471e-17
98.4 0.000138366264358 -9.03724917114e-06 -4.31581984062e-08 1.62532041413e-17
98.5 0.000137987763644 -8.97404588907e-06 -4.40197575143e-08 -2.96086220441e-17
98.6 0.000137643624815 -8.90904983975e-06 -4.48287110637e-08 -2.57298967718e-17
98.7 0.000137319732671 -8.90676390892e-06 -4.55629615056e-08 -1.96458110272e-17
98.8 0.000137082223042 -8.76549598567e-06 -4.62022086178e-08 -1.48785665832e-17
98.9 0.000136649025844 -8.69990622499e-06 -4.67286854871e-08 1.65341275439e-17
99 0.000135628400631 -7.57560030708e-06 -4.71276966898e-08 -1.38047633035e-17
99.1 0.000135434720897 -7.47973661036e-06 -4.73879497162e-08 -2.85072031971e-17
99.2 0.000134906074932 -7.75802984833e-06 -4.7501689032e-08 3.36143742655e-17
99.3 0.000134733477391 -7.6947243006e-06 -4.74645839784e-08 2.23443432351e-17
99.4 0.000133717663088 -7.27649962043e-06 -4.7275471524e-08 -1.78068422024e-17
99.5 0.000133544910561 -7.28884331171e-06 -4.69358878138e-08 -3.74503483666e-17
99.6 0.000133099124872 -7.64109132125e-06 -4.64495266009e-08 -4.6055813164e-17
99.7 0.00013269691249 -7.70315054875e-06 -4.58215921608e-08 -8.56245363228e-17
99.8 0.000132214340227 -7.93623877374e-06 -4.50581957449e-08 1.47116718738e-17
99.9 0.00013188189696 -7.99762383461e-06 -4.41657344913e-08 -1.80026965289e-18
100 0.000131582318856 -8.07351169388e-06 -4.31504255644e-08 2.19091262408e-17
100.1 0.000131243186293 -8.18760462198e-06 -4.2017955465e-08 -1.06261144809e-17
100.2 0.000130868352698 -8.24150780201e-06 -4.07732955672e-08 1.46894163823e-17
100.3 0.000130536363257 -8.32077327745e-06 -3.94207084134e-08 -1.22585658324e-17
100.4 0.000130151407709 -8.44166370665e-06 -3.79639723524e-08 -1.99121384294e-17
100.5 0.000128828615697 -6.7880440969e-06 -3.64067044569e-08 1.49258931317e-17
100.6 0.000126674056755 -7.55133890444e-06 -3.47528841468e-08 -2.03929223477e-17
100.7 0.000125685954886 -7.47664439665e-06 -3.30074324558e-08 -1.49142569112e-16
100.8 0.000125113813891 -7.11495210725e-06 -3.11767915398e-08 -1.31843249396e-17
100.9 0.000124635312138 -7.19612934475e-06 -2.92695081337e-08 2.23017665253e-17
101 0.000124190215837 -7.19913363221e-06 -2.72966446827e-08 1.69894611853e-17
101.1 0.000123776985515 -7.17999494212e-06 -2.52720603826e-08 3.38997705236e-17
101.2 0.000123227631047 -7.32427771772e-06 -2.32124163252e-08 -2.06687458983e-17
101.3 0.000122992404847 -7.28000783991e-06 -2.11369331325e-08 -1.18039783422e-17
101.4 0.000122503435415 -7.2226123376e-06 -1.90668490651e-08 -6.53905647445e-17
101.5 0.00012223665553 -7.24227915003e-06 -1.70246115155e-08 6.12140210126e-17
101.6 0.000121716844895 -7.45104786529e-06 -1.50327844542e-08 4.07631576126e-17
101.7 0.000121498939677 -7.49427248779e-06 -1.31127948514e-08 4.94359910017e-17
101.8 0.00012107295638 -7.62833099197e-06 -1.1283562976e-08 -3.26652335784e-17
101.9 0.000120827512022 -7.71947723244e-06 -9.56011270594e-09 -7.46795857161e-17
102 0.0001204697308 -7.83132487685e-06 -7.95228365453e-09 8.31300669941e-17
102.1 0.00012019524535 -7.91263181285e-06 -6.46361885394e-09 2.30309522605e-17
102.2 0.000119811714891 -8.07977424425e-06 -5.09060490543e-09 1.52139678578e-16
102.3 0.000118807520328 -8.09984387841e-06 -3.82225972721e-09 3.38556274633e-17
102.4 0.000118258783525 -8.11528629414e-06 -2.64019159615e-09 -5.92869122366e-17
102.5 0.000117669280111 -8.19425598808e-06 -1.51913972202e-09 1.1098617105e-16
102.6 0.000117299119525 -8.26029323756e-06 -4.28007553193e-10 1.34399440279e-17
102.7 0.000116897556434 -8.23046390419e-06 6.68687379294e-10 5.12261989717e-18
102.8 0.000116539936171 -8.22948567046e-06 1.80899725756e-09 6.87179814981e-17
102.9 0.000115744380033 -8.07852108021e-06 3.03143523902e-09 -3.73601162387e-17
103 0.000115300387306 -8.00720268103e-06 4.37279049583e-09 4.13515363258e-17
103.1 0.000114898106204 -7.94263902772e-06 5.86591942941e-09 -1.18123930634e-16
103.2 0.000110503293709 -7.32287067313e-06 7.53769086773e-09 -1.5724739746e-17
103.3 0.000110182227074 -7.34928015226e-06 9.4072777762e-09 7.84257000734e-17
103.4 0.000109755745441 -7.44557814771e-06 1.1484835831e-08 1.34766469872e-17
103.5 0.000109195487576 -7.37105683859e-06 1.37706915556e-08 -5.03457215927e-18
103.6 0.000108488668896 -7.42927826934e-06 1.62551261513e-08 -1.91072884507e-17
103.7 0.000108038911165 -7.41647283025e-06 1.89187250337e-08 -3.8049847995e-17
103.8 0.000106881290939 -7.56259052702e-06 2.17332996255e-08 1.92121435165e-18
103.9 0.000106377532122 -7.57785132409e-06 2.46632937661e-08 4.61736813278e-17
104 0.000105594951858 -7.79806341587e-06 2.76675793866e-08 1.78125649441e-17
104.1 0.000105299956538 -7.9034905692e-06 3.07015020579e-08 6.58448356803e-18
104.2 0.000104872229968 -7.93901152573e-06 3.37190682759e-08 1.87793056755e-17
104.3 0.000104345878731 -8.02312216066e-06 3.66750659028e-08 -5.57263977698e-17
104.4 0.000103959540801 -8.0281863438e-06 3.95270077875e-08 1.88062471598e-18
104.5 0.000103358348633 -7.95933031185e-06 4.223678445e-08 2.80430283929e-17
104.6 0.000101726008051 -7.43388788015e-06 4.47718694636e-08 -5.93033784771e-17
104.7 0.000101245762617 -7.39275258735e-06 4.71060971179e-08 1.07117929116e-18
104.8 0.000100813609734 -7.29364588422e-06 4.92199207826e-08 4.71596449774e-17
104.9 9.94858295875e-05 -7.33603863899e-06 5.11001703379e-08 -1.03930434335e-16
105 9.90680708979e-05 -7.23705668476e-06 5.27394238988e-08 1.19607373286e-18
105.1 9.85397524826e-05 -7.1060642395e-06 5.41350134438e-08 2.31646209828e-17
105.2 9.81902417434e-05 -7.00983400092e-06 5.52878138335e-08 2.50982566859e-17
105.3 9.79497146894e-05 -6.84384229055e-06 5.62009298906e-08 -4.23932011593e-17
105.4 9.76152749458e-05 -6.76355050877e-06 5.68783938503e-08 4.45964082875e-18
105.5 9.74142099913e-05 -6.67186470538e-06 5.73240286504e-08 5.46585678103e-17
105.6 9.7126104162e-05 -6.51296861607e-06 5.75405452252e-08 6.53587038581e-17
105.7 9.68387411943e-05 -6.46106172169e-06 5.75289702892e-08 -2.47255268878e-17
105.8 9.66237487003e-05 -6.42754048288e-06 5.72884535449e-08 4.60437437076e-17
105.9 9.63137602847e-05 -6.49833269994e-06 5.68164309384e-08 -2.61494282712e-17
106 9.60712004168e-05 -6.45823385736e-06 5.61091500153e-08 6.32288751223e-17
106.1 9.55098652534e-05 -6.40570457177e-06 5.5162484525e-08 2.11628050425e-17
106.2 9.52582747541e-05 -6.37187243801e-06 5.39729593388e-08 1.852671841e-17
106.3 9.50643594955e-05 -6.37763928691e-06 5.25388485143e-08 -3.41306709944e-17
