# L=256
# Trotter decomposition for beta: order=4 and bstep=0.100000
# Trotter decomposition for time: order=4 and tstep=0.100000

# t ; Re[Cij(t)] ; Im[Cij(t)] ; Re[Szi(t)] ; Im[Szi(t)]
0 0.25 0 -5.1137253829e-07 0
0.1 0.247745070389 -0.0287495244286 -5.08736744994e-07 -5.40024500843e-17
0.2 0.241056254912 -0.0567128118761 -5.00978773274e-07 -5.13542991502e-17
0.3 0.230158013226 -0.0831348104154 -4.88531731856e-07 -5.64872537247e-17
0.4 0.215413137536 -0.107321248729 -4.72081567936e-07 -3.69969020579e-17
0.5 0.197306460642 -0.128665152697 -4.5251267003e-07 -1.12921995309e-17
0.6 0.176423338329 -0.14666898056 -4.30837868832e-07 2.97250639009e-18
0.7 0.153424093771 -0.160961340611 -4.0812547808e-07 2.47132769028e-17
0.8 0.129015812658 -0.17130758017 -3.8541634769e-07 6.40827567891e-17
0.9 0.103922988789 -0.177613895201 -3.63645273698e-07 2.6017454523e-17
1 0.0788585367368 -0.179924981493 -3.4356886321e-07 -5.87626028905e-17
1.1 0.0544966127344 -0.178415607019 -3.25709261178e-07 -1.74478426189e-17
1.2 0.0314485244857 -0.173376806917 -3.10314391719e-07 -2.1065280558e-17
1.3 0.0102427792143 -0.165197667837 -2.97346332495e-07 -2.19458835383e-18
1.4 -0.00868996355692 -0.154343863342 -2.86481226945e-07 2.41639947006e-17
1.5 -0.025026583763 -0.141334216936 -2.77141705742e-07 1.80146199303e-17
1.6 -0.0385557113811 -0.126716599658 -2.68535576166e-07 4.26417180277e-17
1.7 -0.0491766405346 -0.111044418923 -2.59720648037e-07 5.38436401287e-17
1.8 -0.0568934167752 -0.0948548352178 -2.49676140279e-07 -2.69399383305e-17
1.9 -0.0618047957124 -0.0786496578335 -2.37375640977e-07 1.79483963185e-17
2 -0.0640909478946 -0.0628796457303 -2.21869628086e-07 -5.29949509144e-17
2.1 -0.0639978924275 -0.0479326883634 -2.02353431791e-07 -6.79072651693e-17
2.2 -0.0618206784968 -0.03412607434 -1.78228907256e-07 1.87555483055e-17
2.3 -0.0578863089151 -0.0217028129654 -1.49149772739e-07 -3.89424756496e-17
2.4 -0.0525373135719 -0.0108317387539 -1.15051995277e-07 -5.5314818579e-17
2.5 -0.0461167504562 -0.00161094551605 -7.61653224319e-08 -1.98923535991e-17
2.6 -0.0389552377202 0.0059260525002 -3.30039754172e-08 -7.96836911805e-17
2.7 -0.031360436442 0.0118021153259 1.36594675538e-08 1.31662697539e-17
2.8 -0.0236092050398 0.0160869604639 6.28386067943e-08 3.38113167919e-17
2.9 -0.0159424563028 0.0188870444904 1.13388307989e-07 -2.18996377263e-17
3 -0.00856258027559 0.0203355026874 1.6406970938e-07 2.59876954326e-17
3.1 -0.00163314807957 0.0205827068078 2.13618373446e-07 2.95177884395e-17
3.2 0.00471948023862 0.01978788079 2.60813710487e-07 4.18070650733e-17
3.3 0.0104031031553 0.0181120890367 3.045428239e-07 4.76000003697e-17
3.4 0.0153556679315 0.0157127486046 3.4385727136e-07 1.59266173978e-17
3.5 0.0195407558729 0.0127397108759 3.78013528702e-07 5.77606388955e-17
3.6 0.0229430160352 0.00933280728337 4.0649833287e-07 5.06920345703e-17
3.7 0.0255638783625 0.00562068944017 4.29038374899e-07 -4.43060853295e-17
3.8 0.0274178418972 0.00172068556601 4.4559343475e-07 1.21531843034e-17
3.9 0.0285294863967 -0.00226059938953 4.56330978233e-07 -1.21811019633e-17
4 0.0289312966348 -0.00622627499095 4.61593062702e-07 5.8727096096e-17
4.1 0.0286622740899 -0.0100880113637 4.61852855972e-07 -4.56031160349e-17
4.2 0.0277672361336 -0.0137650213181 4.57664937051e-07 1.20097470774e-17
4.3 0.0262966430304 -0.0171833475356 4.49618099927e-07 4.00107107829e-17
4.4 0.0243067580707 -0.0202755969422 4.38288280785e-07 -1.1688744562e-17
4.5 0.0218599228158 -0.0229811641712 4.24204428179e-07 -6.50767621485e-17
4.6 0.0190247413342 -0.0252469190869 4.07819699856e-07 5.49676838777e-17
4.7 0.0158759883161 -0.0270282902157 3.89498887166e-07 -7.20849565703e-17
4.8 0.0124941259037 -0.0282906027456 3.69517602997e-07 1.2367421448e-17
4.9 0.00896431200323 -0.0290104927656 3.4807166057e-07 -6.16090633574e-18
5 0.00537489617053 -0.029177236977 3.25295756796e-07 -8.2442255023e-17
5.1 0.00181543843148 -0.028793801842 3.01284361438e-07 -1.52416045091e-17
5.2 -0.00162566498574 -0.0278774704967 2.76118917308e-07 1.25840812032e-17
5.3 -0.00486381073671 -0.0264599002337 2.49890696277e-07 -2.67446877176e-17
5.4 -0.00782093617823 -0.0245866020595 2.22718133031e-07 -2.6922315245e-17
5.5 -0.0104281359533 -0.0223157040834 1.94758501866e-07 3.64009787606e-17
5.6 -0.0126280765879 -0.0197161536878 1.66208738297e-07 1.56607759594e-17
5.7 -0.0143769516333 -0.0168653469672 1.37297631084e-07 -7.58066309563e-17
5.8 -0.0156458920435 -0.01384635486 1.0827230716e-07 1.29623899824e-17
5.9 -0.016421737035 -0.010744871128 7.93790832307e-08 -7.26412638944e-17
6 -0.0167071038482 -0.0076460742478 5.08449525684e-08 -5.20285460042e-17
6.1 -0.0165197672594 -0.00463156223294 2.28591869925e-08 -8.23027071229e-18
6.2 -0.0158913841143 -0.0017765323782 -4.438109519e-09 -1.20261821422e-17
6.3 -0.0148656830949 0.000852639130553 -3.09624126333e-08 -2.52102940594e-17
6.4 -0.0134961820907 0.0032003178171 -5.66821975559e-08 -1.18213400794e-17
6.5 -0.0118436466511 0.00522295086469 -8.16091235414e-08 2.80024025352e-17
6.6 -0.00997338717981 0.00688978906499 -1.05778052185e-07 2.56143529528e-17
6.7 -0.00795258439984 0.00818299334627 -1.29223811655e-07 6.17979937533e-17
6.8 -0.00584775959954 0.00909718316656 -1.51954717368e-07 -3.30514957243e-17
6.9 -0.00372252548908 0.00963849172519 -1.73926090235e-07 3.92214170864e-17
7 -0.00163569237039 0.00982323326616 -1.95013985711e-07 3.60690583098e-17
7.1 0.000360192265769 0.00967629895615 -2.14998547216e-07 -7.69357658165e-17
7.2 0.00221985267361 0.00922940505382 -2.33552663444e-07 5.87608279306e-17
7.3 0.00390587130712 0.0085192927794 -2.50244378296e-07 3.68655365617e-17
7.4 0.00538885584966 0.00758601566407 -2.6454345731e-07 3.47050462175e-17
7.5 0.00664727604931 0.00647136362732 -2.7584223418e-07 6.59078490128e-17
7.6 0.00766701696803 0.00521749453913 -2.83484781701e-07 7.97289732077e-18
7.7 0.008440758303 0.0038658273011 -2.86802004462e-07 -1.91342663163e-17
7.8 0.00896723389703 0.00245617048953 -2.85152314403e-07 -1.20684558605e-16
7.9 0.00925046822321 0.00102610286901 -2.77964725574e-07 -2.91984694092e-17
8 0.0092990325365 -0.000389441292318 -2.6477871384e-07 5.00423408556e-19
8.1 0.00912537343393 -0.00175842165649 -2.45281672742e-07 1.38890869555e-17
8.2 0.00874523786023 -0.0030518278262 -2.193419112e-07 -2.11115553832e-17
8.3 0.00817719987948 -0.00424374965031 -1.87031781631e-07 -2.7077941492e-17
8.4 0.00744227896372 -0.0053114290225 -1.48642730097e-07 -6.03322589197e-17
8.5 0.0065636286683 -0.00623533535377 -1.04696064302e-07 1.01090130349e-17
8.6 0.00556625754189 -0.00699927381625 -5.59358761947e-08 -2.59823866828e-17
8.7 0.00447674945012 -0.00759054153408 -3.31697680807e-09 5.47910462416e-17
8.8 0.00332295298943 -0.00800012683876 5.20183564413e-08 -2.64020700574e-18
8.9 0.00213360064431 -0.00822292932037 1.08770510891e-07 -3.34066291317e-17
9 0.00093784909987 -0.00825796320607 1.65521966424e-07 2.07711935067e-17
9.1 -0.000235280871417 -0.00810852887035 2.20784852242e-07 -6.43066312016e-17
9.2 -0.00135754088754 -0.00778228857006 2.73047121312e-07 5.08498200464e-17
9.3 -0.0024021633944 -0.00729123157721 3.20829998238e-07 4.83263628581e-17
9.4 -0.00334460454883 -0.00665149472233 3.62746439471e-07 -2.50602498176e-17
9.5 -0.00416328090404 -0.00588301762088 3.97556830515e-07 -5.62553637748e-19
9.6 -0.00484026379536 -0.00500903775027 4.24220196503e-07 2.31624995482e-18
9.7 -0.0053618754028 -0.00405542153103 4.41949046002e-07 1.43475314486e-17
9.8 -0.00571914887178 -0.00304986252947 4.5024899497e-07 -1.55574928082e-17
9.9 -0.00590811956226 -0.00202097824562 4.4895386487e-07 -1.77590771337e-17
10 -0.00592992091869 -0.000997353680346 4.38250330943e-07 1.95694984437e-17
10.1 -0.00579067348499 -6.56716154881e-06 4.18688204348e-07 -1.64106601136e-17
10.2 -0.00550116677281 0.000925732854566 3.91175249715e-07 -5.37311535374e-17
10.3 -0.00507635029565 0.00177666665258 3.56955355729e-07 -6.30054048806e-17
10.4 -0.00453466273063 0.00252682429274 3.17569273155e-07 -3.10846318206e-17
10.5 -0.0038972370249 0.00316079972629 2.74798872743e-07 -1.20300692459e-16
10.6 -0.00318702121212 0.00366753488724 2.30597498465e-07 2.91241594483e-17
10.7 -0.00242787253411 0.00404046161046 1.87007514698e-07 -2.28156048443e-17
10.8 -0.00164366491317 0.00427744750717 1.46068166709e-07 1.706613527e-17
10.9 -0.000857461472509 0.00438055790783 1.09718642915e-07 3.91101529821e-17
11 -9.0784700637e-05 0.00435566356895 7.97018272287e-08 -3.41982000294e-17
11.1 0.000636982961379 0.0042119238741 5.74719582752e-08 3.60163670086e-17
11.2 0.00130904988591 0.00396118590624 4.41161680916e-08 3.6703610392e-17
11.3 0.00191151098688 0.00361734104776 4.02922152744e-08 -1.43447622966e-18
11.4 0.00243349112304 0.00319567643539 4.61875918999e-08 5.16301969694e-17
11.5 0.00286714901516 0.00271225831086 6.15029484426e-08 1.67827402585e-17
11.6 0.00320756513616 0.0021833716602 8.54642997097e-08 7.45188666517e-17
11.7 0.00345253397395 0.00162504289286 1.16862641468e-07 -7.16973847606e-17
11.8 0.00360229648841 0.00105264992499 1.54117415639e-07 9.05308286071e-18
11.9 0.00365923483827 0.000480627359482 1.95364291892e-07 5.89308044118e-17
12 0.00362755966481 -7.77400579021e-05 2.38557937755e-07 -5.98954006248e-18
12.1 0.00351300741871 -0.000610447654251 2.81585234082e-07 6.25173795389e-18
12.2 0.00332257038024 -0.00110683860881 3.22382460226e-07 4.03887039654e-17
12.3 0.00306425727857 -0.00155763098025 3.59046111876e-07 -5.14374302201e-17
12.4 0.00274689831344 -0.0019549180237 3.89936503014e-07 -7.46892091855e-17
12.5 0.00237998213436 -0.00229216245543 4.13759113508e-07 7.16056300725e-17
12.6 0.00197352041737 -0.00256419402247 4.29622358249e-07 -4.25239442648e-18
12.7 0.00153792762495 -0.00276721994687 4.37072851312e-07 -3.33380380174e-17
12.8 0.00108390177148 -0.00289884970045 4.36100678096e-07 3.97479514973e-17
12.9 0.000622296182258 -0.00295813383219 4.27120203369e-07 -2.53944860701e-17
13 0.000163968570053 -0.00294560496379 4.10927420972e-07 -6.4514493884e-17
13.1 -0.000280394038683 -0.00286331468963 3.88633242122e-07 -8.00443350574e-17
13.2 -0.000700484090023 -0.00271485159035 3.61583943106e-07 -1.49426567591e-17
13.3 -0.00108660311601 -0.00250532506491 3.31268366768e-07 -9.45248579834e-18
13.4 -0.0014299133326 -0.00224130832392 2.9922651864e-07 -4.90100579499e-17
13.5 -0.00172269395577 -0.00193072436864 2.66957113327e-07 1.28725163825e-17
13.6 -0.00195858852706 -0.0015826746945 2.35833792862e-07 3.95058182037e-18
13.7 -0.00213282631309 -0.0012072103462 2.07035593516e-07 -6.16535184297e-17
13.8 -0.00224240169759 -0.000815047412313 1.81491886268e-07 -2.51055688734e-17
13.9 -0.00228619501328 -0.000417240131531 1.59847123386e-07 -2.62924658309e-17
14 -0.00226502572691 -2.48247684443e-05 1.4244461969e-07 -2.28332778252e-17
14.1 -0.00218162587985 0.000351549362892 1.29328433833e-07 5.35178432546e-17
14.2 -0.00204053593445 0.000701978323433 1.20265648501e-07 -8.67572795687e-18
14.3 -0.00184792384161 0.00101763848121 1.1478180821e-07 5.26768385042e-17
14.4 -0.0016113335318 0.00129107168937 1.12211800483e-07 -1.44661360498e-17
14.5 -0.0013393806928 0.0015164109411 1.1175924121e-07 1.03203801624e-17
14.6 -0.00104140776511 0.00168953313349 1.12559240431e-07 -1.7097384744e-17
14.7 -0.000727118590335 0.00180813132901 1.13740997126e-07 6.78697574811e-17
14.8 -0.000406214125739 0.00187170636476 1.14488457276e-07 -5.9786033659e-17
14.9 -8.80465517309e-05 0.00188148099408 1.14091337626e-07 1.69655504538e-17
15 0.000218689064629 0.00184024490302 1.11986691161e-07 -4.8585011252e-17
15.1 0.000506214228125 0.00175214407437 1.07786053435e-07 6.55808970354e-17
15.2 0.000767864417207 0.00162242928966 1.01286473616e-07 9.76880442245e-17
15.3 0.000998220885109 0.00145718138225 9.24693199405e-08 2.48354734984e-17
15.4 0.00119317732949 0.00126302922102 8.14825329095e-08 -7.42735760473e-18
15.5 0.00134994113149 0.00104687825686 6.86110703122e-08 -3.50271697253e-17
15.6 0.00146698318603 0.000815661089317 5.42404048956e-08 -1.78421390544e-17
15.7 0.00154394114681 0.000576122806298 3.88140055039e-08 -2.50141368058e-17
15.8 0.00158149142572 0.000334646484332 2.27905146592e-08 1.69167875457e-17
15.9 0.0015812027833 9.71222183414e-05 6.60333726933e-09 -6.27672687805e-17
16 0.00154538272779 -0.000131141199534 -9.37500271105e-09 -6.20927459919e-18
16.1 0.0014769290578 -0.00034546578075 -2.48571563359e-08 -2.57385340126e-18
16.2 0.00137919437141 -0.000541822291969 -3.96538908608e-08 -5.5473724912e-17
16.3 0.00125586904221 -0.000716824555265 -5.36778987674e-08 8.30899279949e-18
16.4 0.00111088502958 -0.000867708912181 -6.69364968121e-08 7.11644615437e-17
16.5 0.000948341186296 -0.000992307412987 -7.9514672537e-08 -8.55219133115e-17
16.6 0.000772445535996 -0.00108902179195 -9.1552044734e-08 -6.64337344147e-17
16.7 0.000587471222259 -0.0011568040134 -1.03216223272e-07 -5.8993089558e-18
16.8 0.000397718176189 -0.00119514559254 -1.14676386941e-07 1.15299219437e-17
16.9 0.000207475713835 -0.00120407625975 -1.26078228158e-07 3.32817165201e-17
17 2.09794819456e-05 -0.00118417083059 -1.37526646066e-07 -4.56505156943e-17
17.1 -0.000157641454742 -0.00113655857956 -1.49074172797e-07 1.59052927614e-17
17.2 -0.000324430451136 -0.00106293127197 -1.60718763618e-07 1.13389643269e-17
17.3 -0.000475681984826 -0.000965542495346 -1.72409313845e-07 -3.55124108141e-18
17.4 -0.000608030904872 -0.000847193242553 -1.84057445797e-07 -7.28544183218e-17
17.5 -0.000718549456691 -0.000711197368515 -1.95553558545e-07 -3.19166382522e-18
17.6 -0.000804844736964 -0.00056132452674 -2.06786438943e-07 3.21999848542e-17
17.7 -0.000865150567572 -0.000401717749807 -2.17660291341e-07 2.01864128768e-17
17.8 -0.000898405348993 -0.000236787086461 -2.2810936124e-07 -2.16310206415e-17
17.9 -0.000904309886681 -7.10818713805e-05 -2.38108279813e-07 -7.60725059422e-18
18 -0.000883356930364 9.08527998914e-05 -2.4767284365e-07 -6.17288297974e-19
18.1 -0.000836830280109 0.000244628223273 -2.56856039425e-07 2.46461519405e-17
18.2 -0.000766768543768 0.000386165009439 -2.65735685504e-07 3.86124280449e-17
18.3 -0.000675896047815 0.000511837408221 -2.74397701041e-07 1.36594949373e-17
18.4 -0.000567520883359 0.000618600613428 -2.82914992339e-07 1.22213454632e-16
18.5 -0.000445407167462 0.000704093255145 -2.91327007655e-07 1.92996620613e-17
18.6 -0.000313626898556 0.000766709203103 -2.99618930187e-07 -4.23311978587e-17
18.7 -0.00017640056814 0.000805634237112 -3.07707357699e-07 1.75019932072e-17
18.8 -3.79348039332e-05 0.000820846309908 -3.15430277893e-07 -5.47844833547e-17
18.9 9.77331739441e-05 0.000813079913196 -3.22545459311e-07 -2.49393837934e-17
19 0.000226876033588 0.00078375794747 -3.2873671044e-07 -2.08201531929e-17
19.1 0.000346195159328 0.000734896714859 -3.336265044e-07 9.16328256202e-18
19.2 0.000452911759106 0.000668990110711 -3.36798113908e-07 2.49976299304e-17
19.3 0.000544827276169 0.00058888178772 -3.37820348479e-07 7.11600392584e-17
19.4 0.000620352481281 0.000497632813717 -3.3627527993e-07 8.77983605896e-18
19.5 0.000678506056374 0.00039839311261 -3.31788673593e-07 1.83355282855e-17
19.6 0.000718886090163 0.000294283716386 -3.24057046727e-07 -6.39156235469e-17
19.7 0.000741619798212 0.000188294867808 -3.12871991024e-07 2.32421404143e-17
19.8 0.000747296533249 8.32047919419e-05 -2.9813816881e-07 -8.78451808554e-17
19.9 0.000736891361232 -1.84800065913e-05 -2.79884292557e-07 -4.38211429413e-17
20 0.000711685321054 -0.000114562108194 -2.58267244442e-07 4.71294596258e-17
20.1 0.000673187828082 -0.000203170454793 -2.33566571094e-07 -6.60888093092e-17
20.2 0.000623066462287 -0.000282760322053 -2.06173309691e-07 6.96179601273e-18
20.3 0.00056308711426 -0.000352100429786 -1.76571424279e-07 4.78530126304e-18
20.4 0.000495066463426 -0.000410251534887 -1.45315009269e-07 7.11277518889e-18
20.5 0.000420836908685 -0.000456541338738 -1.13002930247e-07 4.72301827705e-17
20.6 0.000342222920199 -0.000490539953328 -8.02523863146e-08 -3.19874626991e-18
20.7 0.000261026172038 -0.000512038950092 -4.76746702226e-08 4.58543412284e-18
20.8 0.000179016722512 -0.000521036463898 -1.5852920966e-08 -1.88112232354e-17
20.9 9.79262581801e-05 -0.000517729015477 1.467533678e-08 3.62276993487e-17
21 1.9440509228e-05 -0.000502509723625 4.34292702285e-08 -2.04956812739e-17
21.1 -5.4812755527e-05 -0.000475971312735 6.99910425314e-08 3.97217930355e-17
21.2 -0.000123281595524 -0.000438911182533 9.40056720848e-08 -7.62001397708e-18
21.3 -0.000184514919999 -0.000392335694565 1.15174701256e-07 -1.91837907178e-17
21.4 -0.000237194570309 -0.000337460146191 1.33246800707e-07 2.28913171349e-17
21.5 -0.000280172823757 -0.000275701733242 1.48008494962e-07 -4.72464885596e-17
21.6 -0.000312513178551 -0.000208662405194 1.59271125452e-07 -1.51994437043e-17
21.7 -0.00033353100148 -0.000138100800194 1.66861284241e-07 -3.11465418083e-18
21.8 -0.00034283055063 -6.58921745998e-05 1.70612070247e-07 1.33986931342e-17
21.9 -0.000340334393461 6.02262355123e-06 1.70360586462e-07 2.83884979787e-17
22 -0.000326302073952 7.56970443913e-05 1.65948397915e-07 2.82558633422e-17
22.1 -0.000301335010224 0.000141245047654 1.57228139654e-07 5.26788956619e-17
22.2 -0.000266366014345 0.000200909298444 1.44076188871e-07 -1.62038802874e-17
22.3 -0.000222632627967 0.000253127692975 1.26409747427e-07 2.98511966219e-17
22.4 -0.00017163511338 0.000296593445438 1.04206841954e-07 4.61421881002e-17
22.5 -0.000115080678806 0.000330304999318 7.75276458461e-08 -4.52740496335e-17
22.6 -5.48170897563e-05 0.000353602217377 4.65342212095e-08 2.22357838383e-17
22.7 7.24073117948e-06 0.000366186585058 1.15065578103e-08 -7.51392572099e-19
22.8 6.91865979117e-05 0.000368123865254 -2.71468687372e-08 6.85458252184e-17
22.9 0.000129197100487 0.000359829491126 -6.88850718865e-08 5.64809906236e-17
23 0.000185599398255 0.000342037507671 -1.13039607208e-07 6.03618761553e-19
23.1 0.000236928874104 0.000315755688474 -1.58826773249e-07 2.03182479449e-17
23.2 0.000281973801758 0.000282209846581 -2.05368321816e-07 3.64046612973e-17
23.3 0.000319804965554 0.000242781315302 -2.51720241475e-07 -2.96777145943e-17
23.4 0.000349789467392 0.000198941583502 -2.9690680354e-07 -1.18284286675e-17
23.5 0.000371589085087 0.000152188430678 -3.39959911864e-07 3.42940722838e-17
23.6 0.000385144609258 0.000103987099436 -3.79959575794e-07 6.93533028561e-17
23.7 0.00039064848231 5.57196550367e-05 -4.16073078661e-07 -7.06182348912e-17
23.8 0.000388508811745 8.64473254376e-06 -4.4759139378e-07 -7.30643532579e-18
23.9 0.000379308095955 -3.61310581422e-05 -4.739606256e-07 -8.86506001483e-18
24 0.000363759991031 -7.76698882572e-05 -4.94803007344e-07 2.89482581819e-17
24.1 0.000342667446875 -0.000115208458396 -5.09930794513e-07 3.54822506742e-17
24.2 0.000316884796961 -0.000148154017576 -5.19350425149e-07 -2.09936090973e-18
24.3 0.00028728572046 -0.000176073202813 -5.23256763479e-07 -2.79908985858e-17
24.4 0.000254738492386 -0.000198675866588 -5.22017363387e-07 4.45488811611e-17
24.5 0.00022008867216 -0.000215796651344 -5.161481755e-07 -6.36342746216e-17
24.6 0.00018414868166 -0.000227376745106 -5.06283100914e-07 1.59983871791e-17
24.7 0.000147693438269 -0.000233447709314 -4.93137885164e-07 3.04564300036e-17
24.8 0.000111460058973 -0.000234118975336 -4.77471319052e-07 2.10714515598e-17
24.9 7.61500060466e-05 -0.000229569730844 -4.60046556017e-07 3.23304061994e-17
25 4.24313759167e-05 -0.000220045238414 -4.4159372953e-07 -8.57254903855e-17
25.1 1.09398396846e-05 -0.00020585699969 -4.22776810519e-07 1.59750735725e-17
25.2 -1.77234758695e-05 -0.000187385578955 -4.04167321577e-07 -1.68470511359e-17
25.3 -4.29978863875e-05 -0.000165084555264 -3.86224182469e-07 -1.8634837764e-17
25.4 -6.43731387299e-05 -0.000139483772949 -3.6928321587e-07 3.6387222091e-17
25.5 -8.14032310695e-05 -0.000111190216054 -3.53551868278e-07 3.60914429992e-17
25.6 -9.37230066159e-05 -8.08849007154e-05 -3.391104325e-07 9.89432417672e-19
25.7 -0.000101066143205 -4.93147120841e-05 -3.25919872978e-07 -2.2650602351e-17
25.8 -0.000103282717713 -1.72785311545e-05 -3.13837871127e-07 2.42559022157e-17
25.9 -0.000100354595 1.43923195974e-05 -3.02637232787e-07 3.65431092514e-17
26 -9.24064708433e-05 4.48587204522e-05 -2.92023745184e-07 -1.87664009264e-17
26.1 -7.97112334088e-05 7.33022489179e-05 -2.81656614385e-07 -1.33225526782e-17
26.2 -6.26883054579e-05 9.89557690178e-05 -2.71168012113e-07 3.84037617179e-17
26.3 -4.18943924363e-05 0.000121134185761 -2.60187265314e-07 4.81597870915e-17
26.4 -1.80066006003e-05 0.000139263192651 -2.48356615304e-07 1.23710090177e-17
26.5 8.20138704075e-06 0.000152903830223 -2.35347671684e-07 -3.33787795471e-17
26.6 3.58889060527e-05 0.000161771192065 -2.2087536147e-07 -1.56921406918e-17
26.7 6.41818992501e-05 0.000165745643795 -2.04710425479e-07 -7.66179550305e-17
26.8 9.22084330165e-05 0.000164875903149 -1.86690826947e-07 8.00347832874e-17
26.9 0.00011913398288 0.000159373599208 -1.66729735639e-07 6.59752759477e-17
27 0.000144194191782 0.000149599730671 -1.44820339664e-07 1.04170892537e-16
27.1 0.000166723181046 0.00013604401985 -1.21039321682e-07 -3.51765054466e-17
27.2 0.000186175775881 0.000119298683746 -9.55474113459e-08 -4.44048532849e-17
27.3 0.000202142496635 0.000100028362445 -6.85850933232e-08 -2.09185315398e-17
27.4 0.000214356827993 7.89383713304e-05 -4.04689783925e-08 -2.19400457662e-17
27.5 0.000222694751118 5.67432938336e-05 -1.15832019594e-08 -1.58904217637e-17
27.6 0.000227167161 3.41377937751e-05 1.76354678697e-08 -3.74711406003e-18
27.7 0.000227906252118 1.17713511014e-05 4.67135246505e-08 5.5166034038e-17
27.8 0.000225147324253 -9.7719355679e-06 7.51627831875e-08 2.21996825277e-17
27.9 0.000219207638445 -2.99876718566e-05 1.02503182423e-07 1.80056436418e-17
28 0.000210464088576 -4.84594401815e-05 1.28287174137e-07 -3.08284175124e-17
28.1 0.000199331352899 -6.48612908279e-05 1.52122637872e-07 5.09354174288e-17
28.2 0.000186241937656 -7.8955052705e-05 1.73695078373e-07 -1.28354808336e-17
28.3 0.000171629319048 -9.05836540759e-05 1.92784935707e-07 -6.24124214961e-18
28.4 0.000155914798489 -9.96616460276e-05 2.09280322098e-07 -5.3112602568e-17
28.5 0.000139498420702 -0.000106164249551 2.23183290454e-07 -4.54632720993e-17
28.6 0.000122753875452 -0.000110116303879 2.34606031874e-07 -7.76059042683e-17
28.7 0.000106026696837 -0.000111582255294 2.43760906636e-07 -3.21350856732e-18
28.8 8.96351619089e-05 -0.00011065793088 2.50941573392e-07 7.37099569569e-19
28.9 7.38727355269e-05 -0.000107464794297 2.56498412894e-07 -3.09522764256e-17
29 5.90111424056e-05 -0.000102146680616 2.60808955384e-07 -6.06080348503e-17
29.1 4.5302938124e-05 -9.48689168716e-05 2.64245633675e-07 -3.81100605498e-19
29.2 3.29828281247e-05 -8.58192860199e-05 2.67142896745e-07 -5.49199520255e-17
29.3 2.22671619452e-05 -7.52100667693e-05 2.69768116462e-07 -3.1978387455e-17
29.4 1.33512340902e-05 -6.3280295665e-05 2.72297215723e-07 -2.34010867e-17
29.5 6.40455217145e-06 -5.02973203658e-05 2.74797899595e-07 1.10159136404e-16
29.6 1.56433270277e-06 -3.65567814408e-05 2.77220920789e-07 7.03012297784e-17
29.7 -1.07207377778e-06 -2.23804008727e-05 2.79400931765e-07 2.74465240891e-17
29.8 -1.45498544137e-06 -8.11113946535e-06 2.81066406255e-07 2.44858424944e-17
29.9 4.10434703286e-07 5.89438232415e-06 2.81857347988e-07 -1.04441057335e-17
30 4.45865375804e-06 1.92759900109e-05 2.81351217647e-07 5.29523967025e-17
30.1 1.05606884263e-05 3.16820880686e-05 2.79093105765e-07 1.02268078545e-17
30.2 1.85240897682e-05 4.27830445398e-05 2.74627564016e-07 -1.17871670317e-17
30.3 2.80964121229e-05 5.22849319502e-05 2.67534720392e-07 -2.18183659381e-17
30.4 3.8972217633e-05 5.99425692305e-05 2.57462320894e-07 1.55677168974e-18
30.5 5.08034337358e-05 6.55708906941e-05 2.44152422809e-07 -3.73992306395e-17
30.6 6.32124791019e-05 6.90537144047e-05 2.27462955424e-07 -4.67033035341e-17
30.7 7.58074260393e-05 7.03491905552e-05 2.07381521411e-07 -8.29143109512e-17
30.8 8.81982684246e-05 6.94914626633e-05 1.84032546558e-07 1.05550247945e-16
30.9 0.000100013157085 6.65883309007e-05 1.57676294689e-07 6.156605257e-17
31 0.000110913603669 6.18150820771e-05 1.28702655798e-07 1.96195628007e-17
31.1 0.000120607669484 5.54048927423e-05 9.7614105854e-08 4.24009488171e-18
31.2 0.000128860286118 4.76364980325e-05 6.50051969761e-08 1.73218683355e-17
31.3 0.000135500199611 3.8819996962e-05 3.15400836294e-08 -7.30966396943e-17
31.4 0.000140423167859 2.92817806709e-05 -2.07360713115e-09 -1.1496594734e-16
31.5 0.00014359149726 1.93495803418e-05 -3.51144547161e-08 2.03532803949e-17
31.6 0.000145030046633 9.3385822467e-06 -6.68744725191e-08 4.38894770414e-18
31.7 0.000144819309318 -4.60571929165e-07 -9.66878986633e-08 8.835528205e-17
31.8 0.000143086210861 -9.79127010251e-06 -1.23957430496e-07 -3.09598209569e-17
31.9 0.000139993419931 -1.84374978468e-05 -1.48179028571e-07 1.87866576306e-17
32 0.000135728085621 -2.62273370547e-05 -1.68961890632e-07 -3.43613280321e-17
32.1 0.000130490850101 -3.30335007807e-05 -1.86042875573e-07 -3.58371826713e-17
32.2 0.000124485882879 -3.8771262976e-05 -1.99295297473e-07 3.80157927143e-17
32.3 0.000117912560411 -4.33942763123e-05 -2.08730886128e-07 5.19342830283e-18
32.4 0.000110959162112 -4.68889947376e-05 -2.14493805364e-07 -1.17058182266e-17
32.5 0.000103798787535 -4.92683595502e-05 -2.16848684105e-07 -7.14500831075e-18
32.6 9.65873967149e-05 -5.05654697047e-05 -2.16164604517e-07 -2.48908391242e-17
32.7 8.94637333038e-05 -5.08278574977e-05 -2.12892710098e-07 -3.72371862995e-18
32.8 8.25507138312e-05 -5.0112822377e-05 -2.07539728997e-07 4.14930448676e-17
32.9 7.5957740343e-05 -4.84841557181e-05 -2.00641344863e-07 4.25108961612e-19
33 6.97833817472e-05 -4.60103524026e-05 -1.92731231495e-07 5.77301369266e-17
33.1 6.4117854647e-05 -4.27642200486e-05 -1.84313307893e-07 9.87989900917e-17
33.2 5.90448553214e-05 -3.8823661677e-05 -1.75837917064e-07 -5.70541636504e-17
33.3 5.46423874729e-05 -3.42732252994e-05 -1.67682451688e-07 3.86015869775e-17
33.4 5.09824036609e-05 -2.9205972423e-05 -1.60137256608e-07 1.98606990533e-17
33.5 4.81292319036e-05 -2.37251792096e-05 -1.53397751127e-07 -3.90005159724e-18
33.6 4.6136956094e-05 -1.79453827088e-05 -1.47562053737e-07 1.93566618277e-17
33.7 4.50460199232e-05 -1.19924442998e-05 -1.42634475875e-07 5.04890033073e-18
33.8 4.4879484494e-05 -6.0023145147e-06 -1.38534994908e-07 -1.29227821823e-17
33.9 4.56393879194e-05 -1.18454592644e-07 -1.35110363236e-07 -5.60255217956e-19
34 4.73036849699e-05 5.5120714516e-06 -1.32150408732e-07 -2.20379808984e-17
34.1 4.98241854541e-05 1.07435739737e-05 -1.29405844576e-07 -1.14998304612e-16
34.2 5.3125868581e-05 1.54375069678e-05 -1.26605091336e-07 8.92117307101e-17
34.3 5.71077463475e-05 1.94685498101e-05 -1.23472146861e-07 -5.56667845282e-17
34.4 6.16453601097e-05 2.27305157988e-05 -1.19741252727e-07 -3.23092716967e-17
34.5 6.65948866931e-05 2.51416456744e-05 -1.15170179001e-07 4.3805833321e-17
34.6 7.17985392702e-05 2.66488255315e-05 -1.09548885631e-07 -9.93392345886e-18
34.7 7.70910391363e-05 2.7230364554e-05 -1.02707064364e-07 -5.66604248811e-17
34.8 8.23066237845e-05 2.68971175777e-05 -9.45170671003e-08 9.78713885204e-18
34.9 8.72861783163e-05 2.56918281353e-05 -8.48962436558e-08 -3.32056774891e-17
35 9.18839899235e-05 2.36867488725e-05 -7.38043363471e-08 4.89113925415e-17
35.1 9.59736670069e-05 2.09796957434e-05 -6.12431100011e-08 -3.1010557191e-17
35.2 9.94528672669e-05 1.7688859611e-05 -4.72539338438e-08 4.2663964882e-17
35.3 0.000102246550257 1.39467148066e-05 -3.19147616347e-08 1.6584683772e-17
35.4 0.000104308630898 9.89349297516e-06 -1.53392913871e-08 -4.23635205446e-17
35.5 0.000105621997967 5.67063706716e-06 2.32398250868e-09 9.09800786815e-18
35.6 0.000106197008492 1.41465566713e-06 2.08925662178e-08 -8.24347512253e-17
35.7 0.000106068664874 -2.7482435191e-06 4.01495239925e-08 -8.92127356876e-18
35.8 0.000105292743526 -6.70648158656e-06 5.98437790968e-08 3.78540212843e-17
35.9 0.000103941258757 -1.03662186984e-05 7.96876318284e-08 1.42893008481e-17
36 0.000102097559255 -1.36531512766e-05 9.93587090294e-08 -4.98006857288e-17
36.1 9.98515060101e-05 -1.65130406509e-05 1.18505484586e-07 -1.33087056267e-16
36.2 9.72949731725e-05 -1.89111104457e-05 1.36750615525e-07 3.16871987867e-18
36.3 9.45179605166e-05 -2.08304976875e-05 1.53701906936e-07 -3.15009261319e-17
36.4 9.16054871145e-05 -2.22700435064e-05 1.68960590276e-07 9.82282357818e-17
36.5 8.86353485705e-05 -2.32416444432e-05 1.8213353098e-07 -1.36364714611e-17
36.6 8.56767359114e-05 -2.37674850049e-05 1.92852722454e-07 -3.36066281395e-17
36.7 8.27896451089e-05 -2.38773481218e-05 2.00790751704e-07 -1.10645819047e-16
36.8 8.00249436874e-05 -2.36062276647e-05 2.05676335551e-07 1.57948516777e-17
36.9 7.74249243256e-05 -2.29923493193e-05 2.07310905327e-07 7.50939650321e-17
37 7.50241506336e-05 -2.20756975431e-05 2.05585913729e-07 -1.23585354364e-17
37.1 7.28504034753e-05 -2.08970173955e-05 2.00493004331e-07 -2.10014445855e-17
37.2 7.09255605638e-05 -1.94972601977e-05 1.92128781423e-07 -7.25435684313e-17
37.3 6.92662942537e-05 -1.79173347914e-05 1.80697569241e-07 -2.10174949487e-17
37.4 6.78845157006e-05 -1.61980575785e-05 1.66506338718e-07 -3.4717767421e-17
37.5 6.67875684913e-05 -1.43801460311e-05 1.49953567164e-07 2.39166213406e-17
37.6 6.59781901575e-05 -1.25041342063e-05 1.31516569752e-07 -1.81472700139e-17
37.7 6.54543301546e-05 -1.06101407778e-05 1.1172757315e-07 1.67057078583e-18
37.8 6.52089376744e-05 -8.73742203314e-06 9.1149965826e-08 1.37173247083e-17
37.9 6.52298165246e-05 -6.92373199468e-06 7.03517356736e-08 -7.29686108793e-17
38 6.54996423783e-05 -5.2045053323e-06 4.98771764169e-08 -6.88760524584e-18
38.1 6.59961890812e-05 -3.61196110831e-06 3.02170705263e-08 2.84063072145e-17
38.2 6.66928447214e-05 -2.17420408808e-06 1.17838472788e-08 -7.49970932562e-17
38.3 6.75593680315e-05 -9.14395016172e-07 -5.10923115189e-09 3.29545296186e-17
38.4 6.85628662937e-05 1.49883522501e-07 -2.02606170289e-08 -2.04255260478e-19
38.5 6.96689661766e-05 1.00702951367e-06 -3.35874314202e-08 2.25105212124e-17
38.6 7.08430360346e-05 1.65152991315e-06 -4.51217067521e-08 8.20855422213e-17
38.7 7.20514085526e-05 2.08374007382e-06 -5.50020507893e-08 3.09185384275e-17
38.8 7.32624823811e-05 2.30935651258e-06 -6.34582446482e-08 6.3845292919e-17
38.9 7.44476149836e-05 2.33863317061e-06 -7.07907772935e-08 2.11957185631e-17
39 7.55817339987e-05 2.18541792041e-06 -7.73459910792e-08 7.77465522245e-17
39.1 7.66436224402e-05 1.86611170742e-06 -8.34878416233e-08 -3.22673344884e-17
39.2 7.76159119875e-05 1.39867293466e-06 -8.95710687628e-08 1.08432030996e-18
39.3 7.84847928382e-05 8.0175724574e-07 -9.59132296742e-08 4.76341588316e-17
39.4 7.92395569238e-05 9.40886882989e-08 -1.02769579929e-07 2.35604473149e-17
39.5 7.9872039986e-05 -7.05935976503e-07 -1.10313712136e-07 -3.91738274901e-17
39.6 8.03760843854e-05 -1.58037968646e-06 -1.18621730883e-07 -1.31577390773e-17
39.7 8.07470982364e-05 -2.51167495345e-06 -1.27663896131e-07 -1.24855966482e-17
39.8 8.0981783837e-05 -3.48239343836e-06 -1.37302688904e-07 -8.94695983207e-18
39.9 8.10780841217e-05 -4.47491611069e-06 -1.47297949568e-07 -9.2982386943e-17
40 8.10353440668e-05 -5.4711522476e-06 -1.5731935904e-07 -9.24042483349e-18
40.1 8.08546641763e-05 -6.4523583595e-06 -1.66962945808e-07 -3.5793194765e-17
40.2 8.053942544e-05 -7.39913725956e-06 -1.75771529604e-07 -2.55221850908e-17
40.3 8.00958209255e-05 -8.29170634096e-06 -1.83257956564e-07 5.10412628033e-17
40.4 7.95333705242e-05 -9.11042752759e-06 -1.88931040047e-07 9.43522157086e-18
40.5 7.88652883205e-05 -9.83657457391e-06 -1.92321711869e-07 6.07184573913e-17
40.6 7.81085912429e-05 -1.04533007536e-05 -1.93005538343e-07 -1.27939910459e-17
40.7 7.72838931347e-05 -1.09467261543e-05 -1.90626989574e-07 6.20609524273e-17
40.8 7.64148563404e-05 -1.13069881027e-05 -1.84917177182e-07 -3.67944363508e-17
40.9 7.55272795734e-05 -1.15292012416e-05 -1.75709155703e-07 5.91188786761e-17
41 7.464788065e-05 -1.16141503814e-05 -1.6294894965e-07 -2.69235531551e-17
41.1 7.38028395948e-05 -1.15686538844e-05 -1.46701890589e-07 4.6212635006e-19
41.2 7.30162100401e-05 -1.14054897191e-05 -1.27154206595e-07 -7.1269777129e-17
41.3 7.23083242734e-05 -1.11428614804e-05 -1.04610926764e-07 -3.62682013837e-17
41.4 7.16943474014e-05 -1.08033683498e-05 -7.94882617045e-08 -3.8079335847e-17
41.5 7.11831272768e-05 -1.04125407576e-05 -5.2303405832e-08 -3.20768435735e-17
41.6 7.07764940681e-05 -9.99703682463e-06 -2.36596746223e-08 3.12613313978e-17
41.7 7.04690995481e-05 -9.58262390052e-06 5.77116745811e-09 -3.47526361107e-17
41.8 7.02488788593e-05 -9.19215727281e-06 3.52689266547e-08 -1.2726794938e-17
41.9 7.00980982129e-05 -8.84371260187e-06 6.40865163377e-08 -3.00076270532e-17
42 6.99949443332e-05 -8.54908497777e-06 9.14739693498e-08 -8.66974309019e-17
42.1 6.99155166982e-05 -8.31281422413e-06 1.16701836249e-07 -8.62216953956e-18
42.2 6.98360502922e-05 -8.13181117908e-06 1.39084469287e-07 1.85540047572e-17
42.3 6.97351629865e-05 -7.99567372859e-06 1.58003358377e-07 7.52555813818e-18
42.4 6.95959436474e-05 -7.88764666885e-06 1.7292704117e-07 4.98433806451e-17
42.5 6.94076670324e-05 -7.78618465136e-06 1.83429159082e-07 -8.74575091125e-18
42.6 6.91669973387e-05 -7.66695687712e-06 1.89205461908e-07 4.70913235568e-17
42.7 6.88785571009e-05 -7.50515272141e-06 1.90085333515e-07 -3.26199436658e-17
42.8 6.85548034387e-05 -7.27787964553e-06 1.86038691255e-07 6.93551260845e-17
42.9 6.82152050968e-05 -6.96644495526e-06 1.77180577753e-07 -5.75009608668e-18
43 6.7884793799e-05 -6.55830961711e-06 1.63769464405e-07 3.46495329399e-17
43.1 6.75921940816e-05 -6.04855634689e-06 1.46201242473e-07 4.33160125962e-17
43.2 6.7367308647e-05 -5.44069949047e-06 1.24999369331e-07 -4.34899380562e-17
43.3 6.72388615609e-05 -4.74679692095e-06 1.00799408641e-07 -4.50777985062e-17
43.4 6.72320129145e-05 -3.98682503416e-06 7.43315427563e-08 -9.97360256346e-18
43.5 6.73662707964e-05 -3.18738606374e-06 4.63975016128e-08 -1.98262833384e-17
43.6 6.76538549006e-05 -2.379870097e-06 1.78461696865e-08 -3.88571021397e-17
43.7 6.80986816108e-05 -1.59823715053e-06 -1.04532603235e-08 1.38917310475e-16
43.8 6.86960086391e-05 -8.76640942936e-07 -3.76390346789e-08 -2.01900097834e-17
43.9 6.94327890782e-05 -2.4708338432e-07 -6.28851844265e-08 3.42762303405e-17
44 7.02886677428e-05 2.6269342015e-07 -8.54301515795e-08 -2.43028630679e-17
44.1 7.12375099894e-05 6.30882736235e-07 -1.04600237914e-07 -2.62088547751e-17
44.2 7.22493169663e-05 8.42752899932e-07 -1.19835531844e-07 1.17055918372e-17
44.3 7.32923298979e-05 8.91151964088e-07 -1.30707686723e-07 5.70842125508e-17
44.4 7.43351289937e-05 7.76395477016e-07 -1.36937560247e-07 3.82636904291e-17
44.5 7.53485361135e-05 5.05561149413e-07 -1.38404043684e-07 4.57966595887e-17
44.6 7.63071467832e-05 9.13127840442e-08 -1.35150566398e-07 -5.53788198727e-17
44.7 7.71904090129e-05 -4.49614408632e-07 -1.27383212881e-07 -4.53848948234e-18
44.8 7.79831330522e-05 -1.09810948679e-06 -1.15464110477e-07 -2.81732652326e-17
44.9 7.86754792649e-05 -1.8343735964e-06 -9.98981961827e-08 -2.64965109586e-17
45 7.92624114565e-05 -2.6394516814e-06 -8.13150587047e-08 -3.82799068192e-17
45.1 7.97427387322e-05 -3.49644343714e-06 -6.04451558407e-08 7.39833533837e-17
45.2 8.01178701222e-05 -4.39129178214e-06 -3.80917968302e-08 2.09207782234e-17
45.3 8.03904393605e-05 -5.3130733689e-06 -1.51003755338e-08 -3.7446606542e-17
45.4 8.05629696036e-05 -6.25378650206e-06 7.67516592316e-09 -5.80801069141e-17
45.5 8.0636742287e-05 -7.20769284175e-06 2.94057935193e-08 -3.35031239894e-17
45.6 8.06109937801e-05 -8.17028469814e-06 4.93204981777e-08 -4.21298144707e-17
45.7 8.04825470675e-05 -9.13702701145e-06 6.67361043678e-08 -7.36367674197e-17
45.8 8.02459150359e-05 -1.01020193161e-05 8.10837891628e-08 6.03693917561e-18
45.9 7.98938973164e-05 -1.10567431867e-05 9.1929586296e-08 -7.03675095617e-17
46 7.94186192003e-05 -1.19890535345e-05 9.89896395434e-08 -3.8851648094e-17
46.1 7.88129202966e-05 -1.28825702453e-05 1.0213572909e-07 -6.26972151904e-17
46.2 7.80719590869e-05 -1.37165682663e-05 1.01396687575e-07 -6.36335291473e-17
46.3 7.71948461806e-05 -1.44664219533e-05 9.69486042714e-08 -3.95018749343e-17
46.4 7.61861534552e-05 -1.5104608533e-05 8.91003995576e-08 -5.49944307091e-17
46.5 7.50570807263e-05 -1.56022036969e-05 7.82716496332e-08 -5.83110352011e-17
46.6 7.38261647281e-05 -1.59307309027e-05 6.49669589429e-08 2.07547039311e-17
46.7 7.25194042299e-05 -1.60642380755e-05 4.97433489684e-08 3.73430748947e-18
46.8 7.11697688126e-05 -1.59813947215e-05 3.31791934359e-08 5.52040476786e-17
46.9 6.98160998237e-05 -1.56674228882e-05 1.58421168263e-08 2.234152425e-17
47 6.85014755569e-05 -1.5115693258e-05 -1.73971755092e-09 -1.5647772791e-17
47.1 6.72711790398e-05 -1.43288497948e-05 -1.91029123511e-08 -7.57597191906e-19
47.2 6.61704014438e-05 -1.33193447262e-05 -3.58708891509e-08 -8.96384499574e-19
47.3 6.52418707373e-05 -1.21093631016e-05 -5.1769291798e-08 -6.88553184588e-17
47.4 6.45235658288e-05 -1.0730130884e-05 -6.66330166536e-08 1.1945768958e-17
47.5 6.40466855592e-05 -9.22065225308e-06 -8.04059461374e-08 3.93124634415e-17
47.6 6.38340010585e-05 -7.62597990837e-06 -9.3130130796e-08 -6.19956463675e-17
47.7 6.38987115007e-05 -5.99512447947e-06 -1.04930263748e-07 -1.98293482143e-17
47.8 6.42438757131e-05 -4.3787640574e-06 -1.15994520421e-07 4.15794737452e-17
47.9 6.4862443115e-05 -2.82691612535e-06 -1.26551245009e-07 1.86290549397e-17
48 6.57378711881e-05 -1.38673885096e-06 -1.3684471234e-07 -1.46819406477e-17
48.1 6.68452437565e-05 -1.00622524798e-07 -1.47111054907e-07 1.44548636451e-17
48.2 6.81527806337e-05 9.95313573024e-07 -1.57556423049e-07 -5.15929775599e-17
48.3 6.96235755328e-05 1.87223651275e-06 -1.68338983304e-07 2.64914781321e-17
48.4 7.121742892e-05 2.5091190733e-06 -1.795562579e-07 2.64117772895e-18
48.5 7.28926002118e-05 2.89276901004e-06 -1.91237940256e-07 4.48588736297e-17
48.6 7.46073916387e-05 3.01745288079e-06 -2.03345545872e-07 3.32217253309e-17
48.7 7.63214464018e-05 2.88420112645e-06 -2.15777516198e-07 -2.37871434061e-17
48.8 7.79967308299e-05 2.49991413171e-06 -2.28380148295e-07 7.21677414597e-17
48.9 7.9598182516e-05 1.87637398294e-06 -2.40962601852e-07 -3.07938141176e-17
49 8.10940476498e-05 1.02928169102e-06 -2.53314886981e-07 -1.31302563356e-17
49.1 8.24559597929e-05 -2.26022904683e-08 -2.65227233816e-07 6.51074251583e-17
49.2 8.36588218392e-05 -1.25814787818e-06 -2.76509588897e-07 1.15709432121e-17
49.3 8.46805793621e-05 -2.65434013107e-06 -2.87008687164e-07 3.18957461935e-17
49.4 8.55019560083e-05 -4.18653452313e-06 -2.96621795864e-07 3.6293449843e-18
49.5 8.6106254963e-05 -5.82852655046e-06 -3.05306487022e-07 -3.65068200819e-17
49.6 8.64792847526e-05 -7.55245261537e-06 -3.13084976543e-07 -2.40885722436e-17
49.7 8.66094468684e-05 -9.32861048494e-06 -3.20043080172e-07 -3.9568356405e-17
49.8 8.64880513299e-05 -1.11252699101e-05 -3.26323758321e-07 -3.29359489759e-18
49.9 8.61098177893e-05 -1.29085569951e-05 -3.32116456062e-07 8.24151701168e-17
50 8.54735694882e-05 -1.46425220562e-05 -3.37640943523e-07 -1.64030276216e-17
50.1 8.45830323817e-05 -1.62894547863e-05 -3.43131750874e-07 1.62080528262e-17
50.2 8.34476778152e-05 -1.78105118112e-05 -3.48817925077e-07 -1.41986678578e-17
50.3 8.20834828592e-05 -1.91666884678e-05 -3.54906014216e-07 -1.01697271141e-17
50.4 8.05134924312e-05 -2.03201211349e-05 -3.61562468644e-07 2.81512585575e-17
50.5 7.87680520465e-05 -2.12356613136e-05 -3.68900867336e-07 1.61269077069e-17
50.6 7.68846173822e-05 -2.1882621304e-05 -3.76970822386e-07 -3.52619614564e-17
50.7 7.4907069092e-05 -2.22365551402e-05 -3.85753369299e-07 3.67592181802e-17
50.8 7.28845197147e-05 -2.22809074765e-05 -3.95160100173e-07 1.94122722679e-17
50.9 7.08696398171e-05 -2.20083864767e-05 -4.05038425317e-07 1.23339115292e-19
51 6.89166043412e-05 -2.1421901451e-05 -4.1517889899e-07 4.73830719529e-17
51.1 6.70787821232e-05 -2.05349408368e-05 -4.25329213978e-07 -8.21727411352e-18
51.2 6.54063417669e-05 -1.9371338633e-05 -4.35209559157e-07 1.24878706194e-16
51.3 6.39439747245e-05 -1.7964415924e-05 -4.44528244632e-07 5.21794389433e-18
51.4 6.2728898238e-05 -1.63555399354e-05 -4.52998716952e-07 -1.93192801178e-17
51.5 6.17892989009e-05 -1.45922279033e-05 -4.60354663596e-07 4.58034495758e-17
51.6 6.11433260293e-05 -1.27259238643e-05 -4.66363999405e-07 -1.76781867573e-17
51.7 6.07986874954e-05 -1.08096286566e-05 -4.70839528587e-07 -7.42121301018e-17
51.8 6.07528444149e-05 -8.8955471743e-06 -4.73646225735e-07 -4.46410969042e-17
51.9 6.09937873632e-05 -7.03292218777e-06 -4.74706233897e-07 2.78978860597e-17
52 6.15012789125e-05 -5.26618108154e-06 -4.73999123467e-07 -7.79340920773e-19
52.1 6.22484606744e-05 -3.63352345196e-06 -4.71558882591e-07 9.16159791123e-17
52.2 6.32036847823e-05 -2.16600212523e-06 -4.67469169492e-07 -2.74163970541e-17
52.3 6.43324162585e-05 -8.87140622001e-07 -4.61854993742e-07 2.17073600022e-17
52.4 6.55990559448e-05 1.86940647841e-07 -4.54873825825e-07 2.23711963995e-17
52.5 6.69685304933e-05 1.04695822554e-06 -4.4670550338e-07 -2.96196041165e-17
52.6 6.84075773507e-05 1.68952677432e-06 -4.37542815522e-07 -7.555983518e-17
52.7 6.98856227982e-05 2.11598787072e-06 -4.27582866774e-07 -4.84841680723e-17
52.8 7.13752272123e-05 2.33112618059e-06 -4.17019516118e-07 -3.82818124947e-17
52.9 7.28520987939e-05 2.34192440942e-06 -4.06038177454e-07 -1.29001394361e-17
53 7.42947300887e-05 2.156486901e-06 -3.94813165982e-07 -1.36077011357e-17
53.1 7.56837471942e-05 1.78325736965e-06 -3.83506794802e-07 -6.72021847547e-18
53.2 7.70010885163e-05 1.23060036177e-06 -3.72270038303e-07 1.63044295259e-17
53.3 7.82291558387e-05 5.06800475555e-07 -3.61246565415e-07 -4.36728588274e-17
53.4 7.93500723433e-05 -3.79568218646e-07 -3.50576360968e-07 5.66304718459e-17
53.5 8.03451767171e-05 -1.41894684606e-06 -3.40400103386e-07 2.76180614715e-17
53.6 8.11948401918e-05 -2.59989288878e-06 -3.30863317551e-07 2.79948458729e-17
53.7 8.18786557527e-05 -3.90809077168e-06 -3.22118960588e-07 3.76147840321e-17
53.8 8.23760412063e-05 -5.32542093151e-06 -3.14329854487e-07 -3.70246745077e-17
53.9 8.26671943281e-05 -6.82922349547e-06 -3.07667785126e-07 6.25826413218e-17
54 8.27343646764e-05 -8.39186350324e-06 -3.02310757625e-07 -1.9023322463e-17
54.1 8.25633285456e-05 -9.98069277052e-06 -2.98438614315e-07 -3.50743315063e-17
54.2 8.21449234248e-05 -1.155848383e-05 -2.96225915292e-07 -7.77050840338e-17
54.3 8.14765271793e-05 -1.30843387679e-05 -2.95833371357e-07 -3.27646847703e-17
54.4 8.05633078986e-05 -1.45150684987e-05 -2.97398346459e-07 7.90295857233e-18
54.5 7.94191163109e-05 -1.58069705662e-05 -3.01025027939e-07 -2.13329253872e-17
54.6 7.80669064939e-05 -1.69179205609e-05 -3.06773935012e-07 -3.67240272691e-17
54.7 7.6538571265e-05 -1.78096220257e-05 -3.14653871789e-07 -6.59390974103e-17
54.8 7.48741613118e-05 -1.84498460657e-05 -3.24615195976e-07 1.33362255556e-17
54.9 7.3120494262e-05 -1.88144705759e-05 -3.36545736616e-07 3.14034110122e-17
55 7.13292204847e-05 -1.88891353041e-05 -3.50269011747e-07 1.79930333368e-17
55.1 6.95544724558e-05 -1.86703583465e-05 -3.65546367546e-07 2.24075084999e-17
55.2 6.78502596928e-05 -1.8166003662e-05 -3.82081224744e-07 -4.77969981562e-17
55.3 6.62678203687e-05 -1.73950387415e-05 -3.99527527572e-07 -3.33710102474e-17
55.4 6.48531127514e-05 -1.63866174178e-05 -4.17497660641e-07 3.83416116293e-17
55.5 6.36446427152e-05 -1.51785246524e-05 -4.35575492399e-07 -1.83599720299e-17
55.6 6.26717940187e-05 -1.3815123616e-05 -4.53329035578e-07 -9.36582527654e-18
55.7 6.1953744223e-05 -1.23449717181e-05 -4.70324507584e-07 -9.00353531779e-17
55.8 6.1499089659e-05 -1.08182816381e-05 -4.86138979748e-07 -6.73047244285e-17
55.9 6.13060961347e-05 -9.28444187781e-06 -5.00374517236e-07 5.24654081874e-17
56 6.13635732128e-05 -7.78976026599e-06 -5.12669540475e-07 1.15938986111e-17
56.1 6.16522253784e-05 -6.37559644343e-06 -5.22708861544e-07 1.80552338784e-17
56.2 6.21463548114e-05 -5.07697688904e-06 -5.30231549104e-07 4.62002931416e-18
56.3 6.2815738701e-05 -3.9217461153e-06 -5.35036971508e-07 -7.58187805758e-18
56.4 6.3627535405e-05 -2.93025739304e-06 -5.36987854546e-07 2.28563844617e-17
56.5 6.45480691341e-05 -2.11556845193e-06 -5.3601141638e-07 -6.04152944155e-17
56.6 6.5544375339e-05 -1.48405574588e-06 -5.32097839552e-07 -6.45426246154e-17
56.7 6.6585410723e-05 -1.03635065332e-06 -5.25298289109e-07 1.77568154699e-17
56.8 6.76428808992e-05 -7.68465902893e-07 -5.15719652213e-07 3.47380121592e-17
56.9 6.86916593837e-05 -6.72988550862e-07 -5.03518813371e-07 4.12342049101e-17
57 6.97098229498e-05 -7.40193833103e-07 -4.88896724074e-07 6.68892939515e-17
57.1 7.06783711136e-05 -9.58982292616e-07 -4.72091877594e-07 -7.88660620394e-18
57.2 7.15807180116e-05 -1.31753273496e-06 -4.53372797955e-07 3.27340852171e-17
57.3 7.24020840504e-05 -1.80363650391e-06 -4.33031184582e-07 8.10106309684e-17
57.4 7.31289180408e-05 -2.40470471768e-06 -4.11378134162e-07 -3.9780811092e-17
57.5 7.37484624502e-05 -3.10750384825e-06 -3.8873906955e-07 7.94855243817e-17
57.6 7.42485485663e-05 -3.89770473126e-06 -3.65449308517e-07 -3.3261456415e-17
57.7 7.46176815424e-05 -4.75936291065e-06 -3.41848899001e-07 3.07424401617e-17
57.8 7.48454048135e-05 -5.67443576909e-06 -3.18279469266e-07 8.83862338362e-18
57.9 7.4922944844e-05 -6.62246016856e-06 -2.9508190088e-07 5.68041598314e-18
58 7.48440237116e-05 -7.58045956816e-06 -2.72592415789e-07 -4.33006472177e-17
58.1 7.46058081942e-05 -8.52316556459e-06 -2.51138758595e-07 -4.74816323771e-18
58.2 7.42098312747e-05 -9.42356469097e-06 -2.31034572698e-07 4.73497337596e-17
58.3 7.36628203043e-05 -1.02537963411e-05 -2.12573781506e-07 -2.80277985032e-17
58.4 7.29772683877e-05 -1.09863491153e-05 -1.96023257848e-07 3.97074638385e-17
58.5 7.21716669227e-05 -1.15954979679e-05 -1.81612937988e-07 4.00183597152e-17
58.6 7.12703209226e-05 -1.20588717287e-05 -1.69529392861e-07 2.32581059184e-17
58.7 7.03026715588e-05 -1.23590121506e-05 -1.59905200601e-07 1.25475398641e-17
58.8 6.93021634197e-05 -1.24847822829e-05 -1.52810224104e-07 -2.59585139994e-17
58.9 6.83046855818e-05 -1.24324722013e-05 -1.48243847273e-07 -3.8283762983e-17
59 6.73467043842e-05 -1.22064736867e-05 -1.46129173975e-07 3.32418535939e-18
59.1 6.64631944702e-05 -1.18194358768e-05 -1.46309919429e-07 -9.74988947209e-17
59.2 6.56855537376e-05 -1.12918508352e-05 -1.48550377138e-07 8.03462635548e-17
59.3 6.50396470608e-05 -1.06510643501e-05 -1.52537759768e-07 -3.27610735831e-17
59.4 6.45441509202e-05 -9.92975531127e-06 -1.57890241232e-07 2.44843785008e-17
59.5 6.42093384601e-05 -9.16398347172e-06 -1.64167873257e-07 1.69833494822e-17
59.6 6.40364385725e-05 -8.39092612437e-06 -1.70887475991e-07 5.71813026346e-17
59.7 6.40176417824e-05 -7.64648419781e-06 -1.77540602146e-07 -1.73424230992e-17
59.8 6.4136776119e-05 -6.96294299103e-06 -1.83614227824e-07 4.68014744995e-17
59.9 6.43706302304e-05 -6.3668953782e-06 -1.88609830066e-07 -1.69514422318e-17
60 6.46908103937e-05 -5.87759448086e-06 -1.92065839566e-07 -3.14438471526e-17
60.1 6.50659987004e-05 -5.50590523023e-06 -1.93577972482e-07 -2.76773502614e-17
60.2 6.54643832716e-05 -5.25393894191e-06 -1.92814904688e-07 -7.2833649914e-18
60.3 6.58560998149e-05 -5.11541450833e-06 -1.89532603454e-07 -2.29464761878e-17
60.4 6.62154226747e-05 -5.07669337415e-06 -1.83585652201e-07 6.37194013291e-17
60.5 6.65225589713e-05 -5.1184320638e-06 -1.74931740338e-07 1.84773626687e-17
60.6 6.67648510893e-05 -5.21764219119e-06 -1.63631374088e-07 -1.82813115009e-18
60.7 6.69373465734e-05 -5.35002642478e-06 -1.49840333218e-07 -1.16639014235e-17
60.8 6.70426231348e-05 -5.49234082085e-06 -1.33803365252e-07 -6.62184467092e-17
60.9 6.70899540748e-05 -5.62459434657e-06 -1.1583660402e-07 1.87489008218e-17
61 6.70938882884e-05 -5.7318909449e-06 -9.63116482964e-08 -1.30985126756e-18
61.1 6.70723293701e-05 -5.80574308824e-06 -7.56367260525e-08 -1.0892980871e-17
61.2 6.70443260977e-05 -5.84474765529e-06 -5.42352111444e-08 1.58486338312e-17
61.3 6.70277510998e-05 -5.85454481198e-06 -3.25243119585e-08 1.63335241124e-18
61.4 6.70370891785e-05 -5.84707070645e-06 -1.08963473325e-08 2.13103299091e-17
61.5 6.70815490325e-05 -5.8391362667e-06 1.03020936251e-08 -3.75621119191e-17
61.6 6.71636839095e-05 -5.85047509666e-06 3.07811244445e-08 3.9654671967e-17
61.7 6.72786738029e-05 -5.9014351607e-06 5.03207783297e-08 -1.04548002723e-17
61.8 6.74143568155e-05 -6.01051576475e-06 6.87738696286e-08 2.01308080221e-18
61.9 6.75520077353e-05 -6.19203031931e-06 8.60700852307e-08 2.36888237236e-17
62 6.7667820214e-05 -6.4540432367e-06 1.02212125522e-07 -5.46173494602e-17
62.1 6.77349451389e-05 -6.79687210937e-06 1.17268697049e-07 4.44488810646e-17
62.2 6.77259386795e-05 -7.2122295933e-06 1.31365132502e-07 3.91173230837e-17
62.3 6.76153882488e-05 -7.68312663009e-06 1.44665230719e-07 8.21546125968e-18
62.4 6.73825369683e-05 -8.18456418345e-06 1.57356382209e-07 6.71952781587e-17
62.5 6.7013641824e-05 -8.68499917176e-06 1.69632014674e-07 -1.93228342746e-18
62.6 6.65038822152e-05 -9.148465064e-06 1.81680103349e-07 -2.34102270907e-17
62.7 6.58585951363e-05 -9.53724244556e-06 1.93666117579e-07 4.61166567134e-17
62.8 6.50937129272e-05 -9.81483541988e-06 2.05720632873e-07 8.12480268911e-17
62.9 6.42352909984e-05 -9.94904031139e-06 2.17929802444e-07 -2.7405595472e-19
63 6.33181335145e-05 -9.91480005407e-06 2.30328771283e-07 -1.28550380821e-16
63.1 6.23835923095e-05 -9.69661985868e-06 2.42898672599e-07 -8.75889358977e-17
63.2 6.14767266395e-05 -9.29024214554e-06 2.5556682239e-07 -2.3683147105e-17
63.3 6.06430359243e-05 -8.70347632458e-06 2.68210422712e-07 3.6513848675e-17
63.4 5.99250771749e-05 -7.95603456639e-06 2.80663064184e-07 -6.53552997249e-18
63.5 5.93592426861e-05 -7.07839192008e-06 2.92723899499e-07 -9.65088268899e-18
63.6 5.89729879982e-05 -6.10975369152e-06 3.04168611408e-07 2.70242090456e-17
63.7 5.87827504462e-05 -5.09528734441e-06 3.14761291647e-07 9.8159430165e-19
63.8 5.87927368075e-05 -4.08286682454e-06 3.24266700396e-07 -2.68566469976e-17
63.9 5.89946875212e-05 -3.11960042161e-06 3.32462234805e-07 3.10090592331e-17
64 5.93686414108e-05 -2.24843359029e-06 3.39148023615e-07 -2.47435085116e-17
64.1 5.98846248224e-05 -1.50513903499e-06 3.44156684111e-07 -1.38961678967e-17
64.2 6.0505123698e-05 -9.15922808379e-07 3.47359999185e-07 -5.95158200268e-18
64.3 6.11881034954e-05 -4.95885717855e-07 3.48674136659e-07 -1.11020091539e-17
64.4 6.18903186232e-05 -2.48403043842e-07 3.48062206802e-07 -1.41241930178e-17
64.5 6.25706064348e-05 -1.65518228915e-07 3.45535443185e-07 -5.72175011006e-18
64.6 6.31928847519e-05 -2.29241711773e-07 3.41152736031e-07 -2.47264021378e-17
64.7 6.37285798034e-05 -4.13648078043e-07 3.35018348203e-07 -2.24497533712e-17
64.8 6.41583061843e-05 -6.87545094149e-07 3.27278801279e-07 6.56004912344e-18
64.9 6.44726452582e-05 -1.01747063784e-06 3.18120110963e-07 -9.72548872153e-18
65 6.46720020067e-05 -1.3707072399e-06 3.07762508723e-07 3.61208077292e-17
65.1 6.47655706351e-05 -1.71805933183e-06 2.96456702148e-07 1.59841109469e-17
65.2 6.47695668404e-05 -2.0361109511e-06 2.84479325502e-07 1.28101643218e-17
65.3 6.47049056507e-05 -2.30879380024e-06 2.72130049944e-07 4.69967782817e-17
65.4 6.45945911827e-05 -2.52812561938e-06 2.59724444826e-07 -3.98964965945e-17
65.5 6.44610736132e-05 -2.69411754882e-06 2.47588890387e-07 3.74800580757e-17
65.6 6.43238235059e-05 -2.81386105149e-06 2.36052927255e-07 2.62912112814e-17
65.7 6.41973397736e-05 -2.89994854861e-06 2.25441632397e-07 -2.26037483006e-17
65.8 6.40897744241e-05 -2.96837083814e-06 2.16068118915e-07 1.67796314981e-17
65.9 6.400229705e-05 -3.03612376303e-06 2.08223464365e-07 -1.99820312264e-18
66 6.39292297578e-05 -3.11876192727e-06 2.02163585235e-07 -1.08063970996e-17
66.1 6.38589636438e-05 -3.2281419505e-06 1.98100229582e-07 -7.98950668989e-17
66.2 6.37755424182e-05 -3.37058930219e-06 1.96187898204e-07 -2.67106525266e-17
66.3 6.3660769448e-05 -3.54567140426e-06 1.96517478258e-07 -2.80441496567e-17
66.4 6.34966176086e-05 -3.74571139976e-06 1.99105154891e-07 4.43051840437e-17
66.5 6.32677123181e-05 -3.95612092194e-06 2.03887560989e-07 6.66914209248e-18
66.6 6.29636103243e-05 -4.15650454228e-06 2.10719003014e-07 1.33294675767e-17
66.7 6.25806509565e-05 -4.32246771469e-06 2.19373339404e-07 -3.25791518523e-18
66.8 6.21231623131e-05 -4.42793695961e-06 2.29547678552e-07 4.65017034863e-17
66.9 6.16038836864e-05 -4.44779105164e-06 2.40872301899e-07 2.47828217849e-17
67 6.10435400466e-05 -4.36052056607e-06 2.52924211645e-07 -4.47250811435e-17
67.1 6.04695734363e-05 -4.15068133367e-06 2.65241677136e-07 -3.95333504706e-17
67.2 5.99141507157e-05 -3.81085836234e-06 2.77343462435e-07 3.17149803295e-18
67.3 5.94116157347e-05 -3.34293123572e-06 2.88751030514e-07 3.24348382609e-17
67.4 5.89956434118e-05 -2.75853294331e-06 2.99010777693e-07 2.26507566698e-17
67.5 5.86963572656e-05 -2.07860805601e-06 3.0771545366e-07 6.65203937152e-17
67.6 5.85376921266e-05 -1.33212050946e-06 3.14524796941e-07 -6.68435647509e-17
67.7 5.85352600548e-05 -5.54011079676e-07 3.19181918435e-07 6.86294692665e-18
67.8 5.86949125697e-05 2.17398598192e-07 3.21527284665e-07 -1.29592350184e-16
67.9 5.90121486041e-05 9.43330885934e-07 3.21507319888e-07 2.41813504426e-17
68 5.94724092934e-05 1.58751564681e-06 3.19177170785e-07 -3.78105972387e-17
68.1 6.00522490467e-05 2.11895088189e-06 3.14698665966e-07 2.65485046992e-17
68.2 6.07212541615e-05 2.51417285313e-06 3.08333609995e-07 2.74231987957e-19
68.3 6.14445422677e-05 2.75885757768e-06 3.00430158536e-07 3.29766840437e-17
68.4 6.2185601065e-05 2.84859450079e-06 2.9140749745e-07 -5.15504794346e-17
68.5 6.29091819225e-05 2.78878222419e-06 2.81734983239e-07 1.1785858358e-17
68.6 6.35839963634e-05 2.59364264578e-06 2.71910429118e-07 -1.5088497351e-18
68.7 6.41849502849e-05 2.2845080619e-06 2.62437046526e-07 4.00128988272e-17
68.8 6.46947181458e-05 1.8875352488e-06 2.53799663033e-07 -4.05331592631e-17
68.9 6.51045417832e-05 1.43106627696e-06 2.46443071836e-07 1.66637932858e-17
69 6.54141690571e-05 9.42945679889e-07 2.4075306433e-07 6.34674795748e-17
69.1 6.56310160966e-05 4.48023756982e-07 2.3703954568e-07 -4.62131596024e-17
69.2 6.57686142254e-05 -3.39201618604e-08 2.35525316268e-07 1.25415899589e-18
69.3 6.58445345962e-05 -4.89631734158e-07 2.36337891253e-07 7.41865499569e-18
69.4 6.58780077051e-05 -9.13107196729e-07 2.39506794195e-07 3.72889828899e-17
69.5 6.58874716656e-05 -1.30552481163e-06 2.44964379654e-07 -8.56693657485e-19
69.6 6.58882857052e-05 -1.67442505413e-06 2.52551928637e-07 6.5980970055e-18
69.7 6.58908485786e-05 -2.03220579803e-06 2.62028668833e-07 -4.11010534541e-17
69.8 6.58992885504e-05 -2.39412146589e-06 2.73083454695e-07 -6.30364716918e-18
69.9 6.59108680624e-05 -2.77596198818e-06 2.85348853165e-07 7.94933096111e-17
70 6.59161666872e-05 -3.19164411814e-06 2.98417068268e-07 8.45575191239e-17
70.1 6.59000149851e-05 -3.65097757129e-06 3.11855875539e-07 9.15396703931e-18
70.2 6.58431293029e-05 -4.15781096258e-06 3.25223760977e-07 3.32229286976e-17
70.3 6.57242650527e-05 -4.70879918489e-06 3.38084429688e-07 -3.720077393e-17
70.4 6.55226768107e-05 -5.29289529069e-06 3.50019249841e-07 8.32116342911e-17
70.5 6.52206364986e-05 -5.89166925076e-06 3.60638958432e-07 -1.01652906497e-17
70.6 6.48057678138e-05 -6.48041716454e-06 3.69592373571e-07 -1.80063044139e-17
70.7 6.42729254109e-05 -7.02995776556e-06 3.76573996956e-07 8.31925356132e-18
70.8 6.36254428327e-05 -7.50896049546e-06 3.81329068606e-07 -2.10027700078e-17
70.9 6.28756454903e-05 -7.88656340233e-06 3.83657150154e-07 5.48914682895e-17
71 6.20445369641e-05 -8.13504884621e-06 3.83413443029e-07 5.59225483481e-17
71.1 6.11607079254e-05 -8.23233554918e-06 3.80509836302e-07 -2.5076639928e-17
71.2 6.02585442699e-05 -8.16405985052e-06 3.7491323631e-07 1.39273186749e-17
71.3 5.93758881092e-05 -7.92504080976e-06 3.66644478195e-07 -2.72493740664e-17
71.4 5.85513562463e-05 -7.52001003946e-06 3.55776133715e-07 -3.6959174303e-17
71.5 5.78215592585e-05 -6.96351217387e-06 3.42427689678e-07 2.71437193612e-17
71.6 5.72184565063e-05 -6.27901117616e-06 3.26762197062e-07 1.08767776421e-18
71.7 5.67671120993e-05 -5.49726388179e-06 3.08981918576e-07 2.56054186831e-17
71.8 5.64840014551e-05 -4.6541248289e-06 2.8932089083e-07 -4.89815485896e-17
71.9 5.63760530126e-05 -3.78798669969e-06 2.68037781466e-07 -4.25270412483e-17
72 5.64404578848e-05 -2.93707637285e-06 2.45411244373e-07 2.63139409498e-17
72.1 5.66652605191e-05 -2.13685898304e-06 2.21732739509e-07 -4.3857781283e-17
72.2 5.70306507982e-05 -1.41774296787e-06 1.97298664742e-07 -5.18500447121e-18
72.3 5.75108287814e-05 -8.03291995189e-07 1.72401715084e-07 2.78673664307e-17
72.4 5.80762564292e-05 -3.09076206527e-07 1.47322605075e-07 -5.20869400239e-17
72.5 5.86961016147e-05 5.77621840881e-08 1.2232030217e-07 6.79568407637e-17
72.6 5.93406400208e-05 2.98210448126e-07 9.76242444931e-08 -1.74082377023e-17
72.7 5.99834014467e-05 4.20392997493e-07 7.34260823208e-08 -9.49512091383e-18
72.8 6.06028720373e-05 4.38024688487e-07 4.98755157126e-08 2.60372773892e-17
72.9 6.11835964323e-05 3.68462051531e-07 2.70759008919e-08 2.8125540655e-18
73 6.17166208116e-05 2.30566039462e-07 5.08404105161e-09 4.4776680932e-17
73.1 6.21992441045e-05 4.26066653372e-08 -1.60893503826e-08 -2.46055230315e-17
73.2 6.26341547708e-05 -1.79592784603e-07 -3.6474591111e-08 -7.00283417173e-18
73.3 6.30280715317e-05 -4.24088470947e-07 -5.61372482478e-08 5.41542169133e-17
73.4 6.33900297326e-05 -6.83724921893e-07 -7.51700768665e-08 -2.68598453597e-17
73.5 6.37295311377e-05 -9.56414409271e-07 -9.36813563908e-08 3.75634397945e-17
73.6 6.40547211e-05 -1.24481026874e-06 -1.11784062292e-07 -2.03152683437e-17
73.7 6.43708009515e-05 -1.55539598903e-06 -1.29585187119e-07 -1.45032489049e-17
73.8 6.46788391552e-05 -1.8970976792e-06 -1.47173585125e-07 5.45606094342e-20
73.9 6.49751195117e-05 -2.27956948801e-06 -1.64610264933e-07 2.58374947069e-17
74 6.52511049103e-05 -2.71134438266e-06 -1.81921393187e-07 1.18819401594e-17
74.1 6.54940341183e-05 -3.19806858151e-06 -1.99092868633e-07 -1.69102423911e-17
74.2 6.56880878513e-05 -3.74102568631e-06 -2.16069125996e-07 -3.93276945314e-17
74.3 6.58160053382e-05 -4.3361372071e-06 -2.32754600875e-07 6.11495286583e-17
74.4 6.58609671282e-05 -4.97354532784e-06 -2.49018591001e-07 2.80995224908e-17
74.5 6.58085293348e-05 -5.63783924012e-06 -2.64702213143e-07 5.41812227619e-17
74.6 6.56484090988e-05 -6.30890077637e-06 -2.79626892565e-07 1.91701033419e-17
74.7 6.53759109639e-05 -6.96327208356e-06 -2.93606792353e-07 -3.35271424213e-17
74.8 6.49928647677e-05 -7.57593770954e-06 -3.06459131526e-07 -3.91260223539e-17
74.9 6.4507948389e-05 -8.1223167207e-06 -3.18016207621e-07 2.15546073339e-17
75 6.39363733222e-05 -8.58028733746e-06 -3.281346606e-07 2.73575093323e-17
75.1 6.32989528762e-05 -8.9320370132e-06 -3.36705223952e-07 2.84145860499e-17
75.2 6.26206461923e-05 -9.16555793453e-06 -3.43661097333e-07 -1.77171025633e-17
75.3 6.19287158768e-05 -9.27563926654e-06 -3.48978975797e-07 3.74846001978e-19
75.4 6.12506879514e-05 -9.26425495832e-06 -3.5268260015e-07 2.62301678364e-17
75.5 6.0612300162e-05 -9.14032118265e-06 -3.54839393109e-07 -4.8943512678e-17
75.6 6.00356426374e-05 -8.91885439326e-06 -3.55556190279e-07 3.05900615005e-17
75.7 5.95376549517e-05 -8.61959754651e-06 -3.54971363624e-07 -1.00297514954e-16
75.8 5.91291018484e-05 -8.26528676575e-06 -3.53247010177e-07 4.02903883101e-17
75.9 5.88141456164e-05 -7.8796937117e-06 -3.50557047266e-07 -2.00697396842e-17
76 5.85905113396e-05 -7.48565572538e-06 -3.47078714417e-07 3.13252949882e-17
76.1 5.84502348e-05 -7.10326525249e-06 -3.42983407117e-07 -3.75024987754e-17
76.2 5.83809266346e-05 -6.74842318127e-06 -3.38424410419e-07 2.34389615515e-17
76.3 5.83674053987e-05 -6.43185608806e-06 -3.3352803334e-07 -3.60129033331e-17
76.4 5.83935269739e-05 -6.15874328072e-06 -3.28390784111e-07 8.63952560857e-19
76.5 5.84440159795e-05 -5.92894477401e-06 -3.23073942311e-07 -1.01083066184e-17
76.6 5.85060896221e-05 -5.73781394295e-06 -3.17602184373e-07 -7.89996984627e-17
76.7 5.85707041621e-05 -5.57748389625e-06 -3.11964146352e-07 -1.40252925343e-17
76.8 5.86332851871e-05 -5.43847602313e-06 -3.0611627846e-07 -9.38955990852e-18
76.9 5.86938682833e-05 -5.31143717859e-06 -2.9998908874e-07 -7.90810190278e-17
77 5.87566496016e-05 -5.18880871918e-06 -2.9349401411e-07 -6.31938829701e-17
77.1 5.88289969534e-05 -5.06624228912e-06 -2.86532429642e-07 1.53622824312e-17
77.2 5.89200393425e-05 -4.94358593931e-06 -2.79003840714e-07 1.55324822763e-17
77.3 5.9038988855e-05 -4.82534931575e-06 -2.70814783174e-07 -2.87620042657e-18
77.4 5.91933868401e-05 -4.72055990419e-06 -2.61885889677e-07 2.92424654861e-17
77.5 5.93874660184e-05 -4.64203433012e-06 -2.52158602856e-07 5.83698329502e-17
77.6 5.96208171973e-05 -4.60510824473e-06 -2.41599344781e-07 -1.00104634649e-17
77.7 5.98875211905e-05 -4.62598091696e-06 -2.30202329458e-07 -1.06180113905e-16
77.8 6.01758423265e-05 -4.71979785999e-06 -2.1798976004e-07 6.42845062205e-17
77.9 6.04685565811e-05 -4.89869372185e-06 -2.05011702939e-07 -4.11714754482e-17
78 6.07438930867e-05 -5.16997488152e-06 -1.91342178449e-07 -1.11438442613e-18
78.1 6.09770400616e-05 -5.53463741649e-06 -1.77074866665e-07 -2.50819256e-17
78.2 6.11420968379e-05 -5.98638365636e-06 -1.62317759438e-07 4.06808705906e-18
78.3 6.12143056605e-05 -6.51127080237e-06 -1.47187258679e-07 -4.35358358695e-18
78.4 6.11723611418e-05 -7.08805735577e-06 -1.3180457947e-07 4.38887154282e-18
78.5 6.10005809929e-05 -7.68926593232e-06 -1.16290581725e-07 -2.1261464573e-17
78.6 6.06907101682e-05 -8.28288773485e-06 -1.00762171793e-07 -8.38969480043e-18
78.7 6.02431763094e-05 -8.83460818415e-06 -8.53300741669e-08 8.60834063228e-18
78.8 5.96676458166e-05 -9.31036418317e-06 -7.00982837034e-08 1.7331983265e-17
78.9 5.89828045905e-05 -9.67899136451e-06 -5.5164252844e-08 -4.76021884334e-17
79 5.821533734e-05 -9.9147510617e-06 -4.06206314717e-08 -6.15166024523e-18
79.1 5.73981991128e-05 -9.9994541809e-06 -2.65579175972e-08 -8.07529921532e-18
79.2 5.65683095389e-05 -9.92400593001e-06 -1.30665167755e-08 -1.0636645111e-17
79.3 5.57638648703e-05 -9.68920655768e-06 -2.40041608272e-10 8.88530097742e-18
79.4 5.50215351943e-05 -9.30572034096e-06 1.18230182543e-08 -2.59181584218e-18
79.5 5.43737861046e-05 -8.7932381973e-06 2.3017395184e-08 3.3518187667e-17
79.6 5.38465725276e-05 -8.17889197779e-06 3.32316973417e-08 -1.78533306435e-17
79.7 5.34575983697e-05 -7.49509402633e-06 4.23489483435e-08 -1.99577535211e-17
79.8 5.32152936606e-05 -6.7769839615e-06 5.0249481046e-08 -5.53174488146e-17
79.9 5.31185719097e-05 -6.05973948284e-06 5.68146267188e-08 -1.7657975764e-17
80 5.31573784976e-05 -5.37595299963e-06 6.1931968599e-08 -2.64791277696e-17
80.1 5.33139624685e-05 -4.75332775604e-06 6.5499732211e-08 3.88107898192e-17
80.2 5.35647419555e-05 -4.21287220393e-06 6.74334300989e-08 1.37205751791e-17
80.3 5.38825838872e-05 -3.76773334587e-06 6.76707532626e-08 -3.08276493247e-17
80.4 5.42392929367e-05 -3.42276775562e-06 6.61754800167e-08 8.76262471834e-18
80.5 5.46080548998e-05 -3.17485797296e-06 6.29404092969e-08 -4.38696930785e-18
80.6 5.49656610853e-05 -3.01392837464e-06 5.79907627403e-08 5.14552355202e-18
80.7 5.52942534891e-05 -2.92455897074e-06 5.13824139458e-08 7.0651970503e-17
80.8 5.55824927584e-05 -2.88800663156e-06 4.32011194522e-08 4.43853430094e-17
80.9 5.58260417866e-05 -2.88444286602e-06 3.35579476564e-08 1.561080838e-17
81 5.60273250196e-05 -2.89518737381e-06 2.25848515801e-08 -5.9631835756e-17
81.1 5.61946287433e-05 -2.90471409731e-06 1.04271132862e-08 2.43589346332e-17
81.2 5.63406458371e-05 -2.90223966023e-06 -2.76269827292e-09 -8.3318003399e-18
81.3 5.64806182072e-05 -2.88275382417e-06 -1.68311010558e-08 -4.72876125959e-19
81.4 5.66302807232e-05 -2.84740489877e-06 -3.16317811345e-08 2.59624602462e-17
81.5 5.68038100589e-05 -2.80322106023e-06 -4.70296178951e-08 -6.60698116008e-18
81.6 5.70119808227e-05 -2.76221939896e-06 -6.29047933934e-08 8.76653287892e-17
81.7 5.7260705617e-05 -2.73999406586e-06 -7.91539443119e-08 1.64758496762e-17
81.8 5.75500845205e-05 -2.75395805055e-06 -9.5691090196e-08 5.19803195504e-17
81.9 5.78740558831e-05 -2.82138450199e-06 -1.1244481168e-07 -6.77002831226e-17
82 5.8220666179e-05 -2.95745973143e-06 -1.29355372933e-07 6.69621266401e-19
82.1 5.85729181619e-05 -3.17351922139e-06 -1.46368244713e-07 -4.55295577662e-17
82.2 5.89101126239e-05 -3.47562271445e-06 -1.63429699615e-07 3.4087867953e-17
82.3 5.92095788831e-05 -3.86360487365e-06 -1.80478114288e-07 4.92343833508e-17
82.4 5.94486048743e-05 -4.33066301147e-06 -1.9743904613e-07 -2.94705159165e-17
82.5 5.96064201267e-05 -4.86356348521e-06 -2.14217033914e-07 -4.01522226852e-17
82.6 5.96660421249e-05 -5.44341708543e-06 -2.3069285335e-07 -2.5719430825e-17
82.7 5.9615806677e-05 -6.0469775652e-06 -2.46718112478e-07 -2.27438928969e-17
82.8 5.94504584287e-05 -6.64835047122e-06 -2.62115672491e-07 1.70534657006e-17
82.9 5.91716613787e-05 -7.22094558918e-06 -2.76681590686e-07 5.09578290559e-17
83 5.87879050848e-05 -7.73948942397e-06 -2.90189421896e-07 -2.49113453035e-18
83.1 5.83138013104e-05 -8.18190907486e-06 -3.02396447312e-07 -5.60253658259e-17
83.2 5.77688449996e-05 -8.53089097942e-06 -3.13054452743e-07 -6.5599363894e-17
83.3 5.71757804078e-05 -8.77496858983e-06 -3.21920920308e-07 -4.47000612663e-17
83.4 5.65587349326e-05 -8.90903869883e-06 -3.28772569413e-07 -1.68950364597e-17
83.5 5.59413312049e-05 -8.93426215225e-06 -3.33418603633e-07 -7.12596133733e-17
83.6 5.53449808334e-05 -8.85740169203e-06 -3.35715093336e-07 2.36012173889e-18
83.7 5.47875142396e-05 -8.68967068134e-06 -3.35576331899e-07 -1.18260110153e-17
83.8 5.42822962839e-05 -8.44525905747e-06 -3.32985925935e-07 1.95307650587e-17
83.9 5.38378856137e-05 -8.13971172158e-06 -3.2800425332e-07 6.11973491233e-18
84 5.34582349262e-05 -7.78835291072e-06 -3.2077287607e-07 8.34897962036e-18
84.1 5.31433998806e-05 -7.40492149096e-06 -3.11513425262e-07 -4.76681158315e-17
84.2 5.2890607964e-05 -7.00057276286e-06 -3.00524107269e-07 -1.9018112515e-17
84.3 5.26955700653e-05 -6.58334939159e-06 -2.8817004076e-07 1.34571856585e-17
84.4 5.25538399938e-05 -6.15814699038e-06 -2.74871010645e-07 -4.52288411671e-17
84.5 5.24620668442e-05 -5.72717864312e-06 -2.61084622098e-07 5.66365193077e-18
84.6 5.24189656391e-05 -5.29086404321e-06 -2.47286780402e-07 5.85031006564e-17
84.7 5.24258945117e-05 -4.84901888294e-06 -2.33950702682e-07 2.30920873152e-17
84.8 5.24869344068e-05 -4.40220189593e-06 -2.21523936716e-07 -7.07999996332e-17
84.9 5.26084639642e-05 -3.95303288473e-06 -2.1040727432e-07 -8.00657078925e-17
85 5.2798239262e-05 -3.50729826116e-06 -2.00934210481e-07 2.36568817077e-17
85.1 5.3064090592e-05 -3.07468817123e-06 -1.93356054475e-07 -5.72888879658e-17
85.2 5.34123694922e-05 -2.66903754143e-06 -1.87827187726e-07 1.68162573786e-17
85.3 5.38463278731e-05 -2.30799941572e-06 -1.84394509873e-07 6.58570850279e-17
85.4 5.43646263242e-05 -2.01215149228e-06 -1.8299666021e-07 7.49056304988e-18
85.5 5.49601650381e-05 -1.80359014786e-06 -1.83462501819e-07 4.2534479088e-17
85.6 5.5619382476e-05 -1.70413730531e-06 -1.85519200463e-07 -9.53840751835e-18
85.7 5.63221418946e-05 -1.73332211931e-06 -1.88802992309e-07 -3.21903064438e-18
85.8 5.70422598969e-05 -1.90632984059e-06 -1.92873237478e-07 2.14570908486e-17
85.9 5.77486542932e-05 -2.23212743201e-06 -1.97232459038e-07 1.192257872e-17
86 5.84070605298e-05 -2.71194286256e-06 -2.01347240573e-07 -4.30362079627e-17
86.1 5.89821814904e-05 -3.33827837593e-06 -2.04669702661e-07 6.15193308821e-17
86.2 5.94401124612e-05 -4.09455823634e-06 -2.0666080102e-07 -7.49114879684e-18
86.3 5.97508429819e-05 -4.95547971662e-06 -2.06812402996e-07 7.37265566076e-17
86.4 5.98906235785e-05 -5.88809413566e-06 -2.04669317956e-07 5.54032189425e-17
86.5 5.98439979882e-05 -6.85353650356e-06 -1.99847406052e-07 2.20791631771e-17
86.6 5.9605313132e-05 -7.80931274182e-06 -1.92048648899e-07 1.15079209957e-17
86.7 5.91795502192e-05 -8.71197827858e-06 -1.81071511235e-07 1.54854719856e-17
86.8 5.8582384996e-05 -9.5199982274e-06 -1.66818122347e-07 4.07573063003e-17
86.9 5.78394436977e-05 -1.01965649432e-05 -1.4929581266e-07 3.1191834065e-17
87 5.69847926405e-05 -1.07121356453e-05 -1.28615195827e-07 -3.7822517093e-17
87.1 5.60587598098e-05 -1.104647186e-05 -1.04984359199e-07 -1.21715717179e-17
87.2 5.51052710628e-05 -1.11900072529e-05 -7.86985981227e-08 3.02967172998e-17
87.3 5.41688942888e-05 -1.11444314332e-05 -5.01285269848e-08 7.5115601378e-18
87.4 5.3291833397e-05 -1.0922410145e-05 -1.97058406036e-08 -2.04052802649e-17
87.5 5.25111212388e-05 -1.0546494506e-05 1.20924718368e-08 -9.32576822952e-18
87.6 5.18562384354e-05 -1.00472778974e-05 4.4759961854e-08 4.3921058836e-17
87.7 5.13473589227e-05 -9.46097819093e-06 7.7776587986e-08 3.45326073697e-17
87.8 5.09943646607e-05 -8.82664336338e-06 1.10624384227e-07 -4.6899410869e-17
87.9 5.07966912193e-05 -8.18323614799e-06 1.42802233138e-07 3.6527068945e-17
88 5.0743995358e-05 -7.56685110078e-06 1.7383920657e-07 1.83867350885e-18
88.1 5.08175578604e-05 -7.00827735298e-06 2.03305677617e-07 -5.66426408137e-17
88.2 5.09922633407e-05 -6.53112268327e-06 2.30822722009e-07 2.84362881613e-17
88.3 5.12389721169e-05 -6.15059223662e-06 2.56069933086e-07 -4.69530498359e-17
88.4 5.15270691466e-05 -5.87301893695e-06 2.7879018095e-07 1.33908390495e-17
88.5 5.18269831661e-05 -5.69613118846e-06 2.98793839667e-07 -1.99997407747e-17
88.6 5.21124590437e-05 -5.61000344376e-06 3.15959371359e-07 6.29403983864e-18
88.7 5.23624275575e-05 -5.59859936908e-06 3.30232901063e-07 3.728324597e-17
88.8 5.25622688838e-05 -5.64172666756e-06 3.4162554775e-07 -6.21410669542e-17
88.9 5.26962053344e-05 -5.71303537301e-06 3.502092848e-07 -6.22235651865e-17
89 5.27729530779e-05 -5.80128710126e-06 3.56110814891e-07 1.69134711921e-17
89.1 5.27882811943e-05 -5.88234808333e-06 3.59504520088e-07 1.62931593257e-17
89.2 5.27674455727e-05 -5.9373145207e-06 3.60604350169e-07 -5.47197400911e-17
89.3 5.20311474195e-05 -5.68839881869e-06 3.59654814077e-07 -1.02375150408e-17
89.4 5.19891372355e-05 -5.66715372371e-06 3.56921763905e-07 -2.09469877806e-17
89.5 5.19435681812e-05 -5.61436903556e-06 3.52682820111e-07 3.13300101213e-18
89.6 5.19225556581e-05 -5.53583668037e-06 3.47218279429e-07 3.21535776789e-17
89.7 5.18509162217e-05 -5.50601403157e-06 3.40802852367e-07 5.61754045348e-17
89.8 5.18874506081e-05 -5.40582224236e-06 3.3369818908e-07 -1.772761499e-18
89.9 5.19457785204e-05 -5.31000841624e-06 3.26146738879e-07 -9.43616254907e-18
90 5.20494831649e-05 -5.23886984883e-06 3.18366968505e-07 4.86505857839e-17
90.1 5.21837924604e-05 -5.21908575208e-06 3.10549825105e-07 3.12461706936e-17
90.2 5.23270211937e-05 -5.23520243358e-06 3.02857749985e-07 2.10720293277e-17
90.3 5.24576012551e-05 -5.27982026433e-06 2.95423627057e-07 -3.73390841469e-17
90.4 5.25770863109e-05 -5.40770398351e-06 2.88352057518e-07 3.88954783225e-17
90.5 5.2671121028e-05 -5.55943572134e-06 2.81722040856e-07 1.21661121068e-17
90.6 5.27217792197e-05 -5.74535357399e-06 2.75589384296e-07 -1.22958181662e-17
90.7 5.27196304457e-05 -5.94127139261e-06 2.69989158236e-07 2.9631048681e-17
90.8 5.26610028117e-05 -6.14811600641e-06 2.64940539004e-07 -3.97736476176e-19
90.9 5.25563418942e-05 -6.33329416357e-06 2.60449085876e-07 -8.1736449155e-19
91 5.24109520185e-05 -6.4953474307e-06 2.56509890358e-07 3.46982967832e-18
91.1 5.2227966922e-05 -6.63827040105e-06 2.53110106758e-07 -1.8040496796e-18
91.2 5.20209669978e-05 -6.73905169505e-06 2.50230006806e-07 1.83125594878e-17
91.3 5.18041390963e-05 -6.79337300013e-06 2.47844362421e-07 5.79647812334e-17
91.4 5.15853558356e-05 -6.79705693852e-06 2.45922084452e-07 3.71391033893e-18
91.5 5.13866326618e-05 -6.76655117923e-06 2.44425390212e-07 -5.17587247377e-17
91.6 5.119208889e-05 -6.69572905594e-06 2.43308340264e-07 -3.10584885142e-17
91.7 5.10346379068e-05 -6.6211629633e-06 2.4251457096e-07 -1.61733892328e-17
91.8 5.08973567269e-05 -6.52351864768e-06 2.41975551153e-07 -1.22797893897e-17
91.9 5.08019876149e-05 -6.43750465717e-06 2.41608021172e-07 -8.52350146618e-18
92 5.0732512814e-05 -6.35604532738e-06 2.41311742341e-07 2.80988979842e-17
92.1 5.06710553356e-05 -6.29352758549e-06 2.40968365394e-07 4.53287936818e-17
92.2 5.0619606685e-05 -6.25658919738e-06 2.40440143828e-07 3.32514381961e-19
92.3 5.05708194911e-05 -6.24971731869e-06 2.39570329796e-07 -2.22274867618e-17
92.4 5.05110655121e-05 -6.2577536275e-06 2.38184716568e-07 3.9291095408e-17
92.5 5.04287278272e-05 -6.26790545449e-06 2.36094531957e-07 -8.20681827311e-19
92.6 5.03272814212e-05 -6.28437394742e-06 2.3310035056e-07 -5.40684287951e-17
92.7 5.02016986418e-05 -6.28855601514e-06 2.28997737013e-07 -1.74867135011e-17
92.8 5.00408746536e-05 -6.26284126074e-06 2.23583648589e-07 -4.79111354252e-17
92.9 4.98572562238e-05 -6.22587644942e-06 2.16664002642e-07 -7.12805885795e-18
93 4.96868503416e-05 -6.14418492919e-06 2.08061895729e-07 4.13132940144e-17
93.1 4.95292620734e-05 -6.02352551185e-06 1.97625973766e-07 -2.28852886563e-18
93.2 4.93839258947e-05 -5.86391804419e-06 1.85238936483e-07 -6.33673182736e-17
93.3 4.92760650116e-05 -5.65703620085e-06 1.70825819721e-07 7.61649334665e-18
93.4 4.92092033871e-05 -5.43691711453e-06 1.54360890347e-07 2.95726675371e-19
93.5 4.91751204835e-05 -5.18152605997e-06 1.35873226842e-07 -8.79560271828e-18
93.6 4.92231261431e-05 -4.94875652639e-06 1.15449772845e-07 -7.11407419581e-17
93.7 4.93277777863e-05 -4.7339138897e-06 9.32376795972e-08 3.18936291358e-17
93.8 4.94888715417e-05 -4.55095303516e-06 6.94450323906e-08 5.54969984929e-17
93.9 4.97017543571e-05 -4.42376299854e-06 4.43376164095e-08 2.25531639191e-18
94 4.99339689377e-05 -4.35786598143e-06 1.82336005197e-08 -3.45304731764e-18
94.1 5.01303644804e-05 -4.31735116561e-06 -8.50390190529e-09 2.44882110088e-17
94.2 5.03703014831e-05 -4.40366253909e-06 -3.54767928894e-08 -2.37233769815e-17
94.3 5.05938907879e-05 -4.57273744851e-06 -6.22628089637e-08 1.83389035386e-17
94.4 5.07761944214e-05 -4.80028789669e-06 -8.84283762711e-08 -6.80047783208e-17
94.5 5.09100985955e-05 -5.07094886023e-06 -1.13541937575e-07 4.23001393717e-18
94.6 5.09710547389e-05 -5.38229490063e-06 -1.37187443295e-07 -4.15689834471e-18
94.7 5.09372929978e-05 -5.71527317075e-06 -1.58976754559e-07 -1.33005316575e-17
94.8 5.08426649535e-05 -6.02456070799e-06 -1.78562105203e-07 -2.68034304383e-17
94.9 5.06479675801e-05 -6.30565794573e-06 -1.95645968723e-07 2.29341609562e-17
95 5.04204992747e-05 -6.55696887095e-06 -2.09988602135e-07 -3.56312595387e-18
95.1 5.01324438805e-05 -6.77234636699e-06 -2.21413351494e-07 -7.62800455911e-17
95.2 4.98332220518e-05 -6.90956581771e-06 -2.2981028885e-07 -1.17198894795e-17
95.3 4.95107770447e-05 -6.97936189732e-06 -2.3513600758e-07 1.14043518044e-17
95.4 4.92086106499e-05 -6.9901396175e-06 -2.37411294005e-07 -1.78365542288e-17
95.5 4.89201550483e-05 -6.93426224201e-06 -2.36717176519e-07 -8.24694504622e-18
95.6 4.86713193976e-05 -6.84349749146e-06 -2.3318875906e-07 8.78527223009e-17
95.7 4.84652781954e-05 -6.72419707683e-06 -2.27008338567e-07 4.91366358177e-17
95.8 4.82317948296e-05 -6.57486814984e-06 -2.18396445813e-07 6.2838099705e-17
95.9 4.81218733708e-05 -6.43437269043e-06 -2.07604437832e-07 -2.14544015312e-17
96 4.80410163762e-05 -6.29543260461e-06 -1.94905947687e-07 -1.72514873501e-17
96.1 4.80155329584e-05 -6.19637412326e-06 -1.80590163711e-07 4.75181798067e-17
96.2 4.80107753771e-05 -6.12637547695e-06 -1.64955161105e-07 -3.74815586716e-19
96.3 4.79767105098e-05 -6.08235507561e-06 -1.4830232402e-07 -2.49972541866e-17
96.4 4.79749300597e-05 -6.08472069919e-06 -1.3093332476e-07 5.81761942214e-17
96.5 4.79441876022e-05 -6.11609030668e-06 -1.13146454204e-07 9.28240123496e-18
96.6 4.78948940498e-05 -6.18611803133e-06 -9.52341292044e-08 -3.61505974675e-17
96.7 4.77687663097e-05 -6.22013635278e-06 -7.74816622344e-08 2.25420353834e-17
96.8 4.76612162423e-05 -6.31121664469e-06 -6.01649246792e-08 2.11168341479e-17
96.9 4.74833670985e-05 -6.42971865904e-06 -4.35498485011e-08 -3.19454281764e-17
97 4.73095914828e-05 -6.4876081429e-06 -2.78887951379e-08 3.94333989779e-18
97.1 4.71067626269e-05 -6.51959865367e-06 -1.34187424198e-08 7.51148051009e-18
97.2 4.68707846633e-05 -6.5028845052e-06 -3.57172615739e-10 -7.69961538367e-18
97.3 4.66357107956e-05 -6.4627299259e-06 1.11020464237e-08 -3.16749926663e-18
97.4 4.64214793204e-05 -6.37025649643e-06 2.07934500186e-08 3.3588804345e-17
97.5 4.6215531683e-05 -6.2236624022e-06 2.85846088065e-08 5.18888312008e-17
97.6 4.60500358836e-05 -6.06951681222e-06 3.4381750384e-08 2.77570006761e-17
97.7 4.59067753716e-05 -5.89892781626e-06 3.81331396491e-08 2.89399244155e-17
97.8 4.58025356701e-05 -5.73896110732e-06 3.98343416356e-08 7.5576095523e-19
97.9 4.57568829502e-05 -5.56767671897e-06 3.95281847547e-08 3.65363609361e-17
98 4.57431943619e-05 -5.41696839041e-06 3.73060652039e-08 1.07373087994e-16
98.1 4.57524653128e-05 -5.29795251333e-06 3.33064440689e-08 4.82002291333e-17
98.2 4.57914080165e-05 -5.21615382319e-06 2.7709380441e-08 -2.88061302315e-17
98.3 4.58446352795e-05 -5.18555736729e-06 2.0729917039e-08 -4.83835180704e-18
98.4 4.58882386722e-05 -5.19249249678e-06 1.26118599608e-08 2.80864306847e-17
98.5 4.59208714005e-05 -5.24478626198e-06 3.61728774741e-09 4.53831641535e-17
98.6 4.5895764807e-05 -5.33730111174e-06 -5.98255485907e-09 -1.53496507302e-17
98.7 4.58608012147e-05 -5.44250648034e-06 -1.59189442536e-08 -3.39113201353e-17
98.8 4.57745237472e-05 -5.56273097379e-06 -2.59357195877e-08 -8.89622136187e-17
98.9 4.5639017424e-05 -5.68335583617e-06 -3.57997559103e-08 -4.6114624574e-17
99 4.54678126298e-05 -5.79651898662e-06 -4.53091038977e-08 -1.99789807758e-17
99.1 4.5258960767e-05 -5.88660155664e-06 -5.4299873361e-08 3.39822789801e-17
99.2 4.50108779712e-05 -5.93894381305e-06 -6.26503618558e-08 2.69642534902e-17
99.3 4.47184755926e-05 -5.95807456371e-06 -7.02826530814e-08 -1.30982586817e-17
99.4 4.44299041246e-05 -5.9319880077e-06 -7.71628068243e-08 8.20356417809e-18
99.5 4.41405827362e-05 -5.86307197625e-06 -8.32967317868e-08 -3.98683287696e-17
99.6 4.38801414912e-05 -5.73207217219e-06 -8.87237920186e-08 -5.62112555229e-17
99.7 4.36311437956e-05 -5.58676155672e-06 -9.35099247264e-08 2.75283901452e-17
99.8 4.34414711536e-05 -5.42025152487e-06 -9.77388184744e-08 3.11775512736e-17
99.9 4.32774000863e-05 -5.22561470981e-06 -1.01502791874e-07 4.18985161246e-17
100 4.31555482656e-05 -5.03358860472e-06 -1.04893778675e-07 1.26130189851e-17
100.1 4.30617352079e-05 -4.83701134985e-06 -1.07996577986e-07 -3.64404710425e-17
100.2 4.30105310703e-05 -4.64837814159e-06 -1.10881152782e-07 -3.42687277453e-17
100.3 4.29619742586e-05 -4.47030450787e-06 -1.13598386155e-07 3.39811806399e-17
100.4 4.29442476461e-05 -4.31176105643e-06 -1.16177393781e-07 -1.38917450792e-17
100.5 4.29398164234e-05 -4.19013804479e-06 -1.18625652734e-07 -9.89044803333e-18
100.6 4.29283245314e-05 -4.09824001988e-06 -1.20931704116e-07 2.26043285869e-17
100.7 4.29500313205e-05 -4.02649608061e-06 -1.23070102215e-07 -6.35256019538e-17
100.8 4.29178500185e-05 -3.9785830486e-06 -1.25008683794e-07 4.05902224466e-17
100.9 4.29171717343e-05 -3.94140391831e-06 -1.26716043703e-07 -5.74729131479e-17
101 4.2911846026e-05 -3.92648147251e-06 -1.28170676015e-07 3.47514835336e-17
101.1 4.29020062771e-05 -3.91675359729e-06 -1.29369255719e-07 -1.92466300396e-18
101.2 4.28688790218e-05 -3.92464291175e-06 -1.30334455774e-07 1.42293517626e-17
101.3 4.28326041696e-05 -3.93160308762e-06 -1.31121279132e-07 5.57875614493e-17
101.4 4.27791944392e-05 -3.94477521984e-06 -1.31820657376e-07 2.10042252404e-17
101.5 4.23870474353e-05 -3.94067708222e-06 -1.32562030268e-07 -1.0124596353e-17
101.6 4.23243826183e-05 -3.96285520645e-06 -1.3351186215e-07 1.97319299489e-17
101.7 4.22426192284e-05 -4.0023827873e-06 -1.34867853702e-07 5.01716125277e-17
101.8 4.21627457771e-05 -4.03754999356e-06 -1.36852545808e-07 2.25188877382e-17
101.9 4.20402838201e-05 -4.08535466763e-06 -1.39701317204e-07 -4.47697419411e-17
102 4.19587452177e-05 -4.14815360463e-06 -1.43652011885e-07 5.6364423206e-17
102.1 4.18520137008e-05 -4.21572530583e-06 -1.48929735352e-07 2.33070565936e-18
102.2 4.16886395586e-05 -4.27133262747e-06 -1.55733824935e-07 5.41922419756e-17
102.3 4.15475078116e-05 -4.34928042989e-06 -1.64224104585e-07 -7.79284377569e-18
102.4 4.13030850818e-05 -4.46350003552e-06 -1.74508948917e-07 -1.04521329871e-17
102.5 4.10165674803e-05 -4.52877710262e-06 -1.86635051744e-07 -4.96949462769e-17
102.6 4.07553014784e-05 -4.60038933685e-06 -2.00580285927e-07 6.03299722389e-18
102.7 4.04821726397e-05 -4.636948489e-06 -2.16249962754e-07 -3.9724848646e-17
102.8 4.01836960678e-05 -4.65327808702e-06 -2.33477245127e-07 -3.38326525363e-17
102.9 3.98689806109e-05 -4.60665579388e-06 -2.52026359921e-07 -1.72602307096e-17
103 3.95220479971e-05 -4.55296204134e-06 -2.71601060243e-07 4.6545593833e-18
103.1 3.9177411214e-05 -4.445523193e-06 -2.91856227422e-07 8.5081627561e-17
103.2 3.88465931638e-05 -4.29932927583e-06 -3.12412092163e-07 -5.01491382806e-17
103.3 3.8514591782e-05 -4.10313923354e-06 -3.32871008682e-07 5.27580507805e-17
103.4 3.82218272763e-05 -3.86820795317e-06 -3.52834873389e-07 -3.14364092791e-17
103.5 3.79726513787e-05 -3.59656857722e-06 -3.71923941913e-07 1.80423032447e-17
103.6 3.77394240794e-05 -3.29931485882e-06 -3.89793612648e-07 -2.9999749996e-17
103.7 3.7578632239e-05 -2.98212066256e-06 -4.06149259999e-07 2.21649572401e-17
103.8 3.7306736276e-05 -2.67867481084e-06 -4.20758077895e-07 1.88188929115e-17
103.9 3.72407098097e-05 -2.36792038305e-06 -4.33459332091e-07 -7.50302230243e-17
104 3.7203239144e-05 -2.04121813499e-06 -4.44169016175e-07 2.68624506005e-17
104.1 3.66053683098e-05 -1.76312993261e-06 -4.52880539674e-07 4.59787557634e-17
104.2 3.66606531726e-05 -1.51015121999e-06 -4.59661519353e-07 2.00766602601e-17
104.3 3.67044859769e-05 -1.30247910288e-06 -4.64645157542e-07 -3.93687508032e-17
104.4 3.67993425672e-05 -1.11561406955e-06 -4.68018420833e-07 -3.46862394843e-17
104.5 3.6910536814e-05 -9.56316512314e-07 -4.70008044123e-07 3.74087108919e-18
