# L=64
# Trotter decomposition for beta: order=4 and bstep=0.100000
# Trotter decomposition for time: order=4 and tstep=0.100000

# t ; Re[Cij(t)] ; Im[Cij(t)] ; Re[Szi(t)] ; Im[Szi(t)]
0 0.25 0 4.03041998183e-12 0
0.1 0.248563058803 -0.00678212056469 -3.07988880823e-11 -2.63786935749e-17
0.2 0.244292735816 -0.0133768522356 -1.31550331073e-10 -2.61801952764e-17
0.3 0.237308984599 -0.0196038542256 -2.87364942311e-10 2.95592959059e-17
0.4 0.227806639181 -0.0252965581559 -4.81260326771e-10 6.69925410342e-17
0.5 0.216048030093 -0.0303082622761 -6.91715689886e-10 -9.02762013403e-17
0.6 0.20235313058 -0.0345173232861 -8.94668128943e-10 -3.54995215773e-17
0.7 0.187087684826 -0.0378312216974 -1.0657661712e-09 -3.27962636147e-17
0.8 0.170649855888 -0.0401893362348 -1.18267991019e-09 -2.85483044212e-17
0.9 0.1534559882 -0.0415643299912 -1.22725745091e-09 -1.96457333858e-18
1 0.135926105592 -0.0419621218722 -1.18734186468e-09 -2.56657974546e-17
1.1 0.118469760141 -0.0414204871286 -1.05807700633e-09 -1.56660722045e-17
1.2 0.101472811102 -0.0400063964824 -8.42611447274e-10 -9.29196814322e-18
1.3 0.0852856496802 -0.0378122609237 -5.52118439751e-10 -4.1706019337e-17
1.4 0.0702132988849 -0.0349512957461 -2.05140294486e-10 3.06206432457e-20
1.5 0.0565077138476 -0.0315522506772 1.73709817299e-10 2.89162389384e-17
1.6 0.0443624929724 -0.027753771794 5.55540947458e-10 -9.96310807039e-18
1.7 0.0339100908565 -0.0236986650114 9.09369936831e-10 2.00671218443e-17
1.8 0.0252215064792 -0.0195283208591 1.20448769898e-09 4.31100338977e-17
1.9 0.0183083108064 -0.0153775374603 1.4128155269e-09 3.20559117702e-17
2 0.0131267817934 -0.0113699451219 1.51111849566e-09 5.37128673632e-17
2.1 0.00958383593867 -0.00761419430305 1.48280794752e-09 -3.57324074987e-17
2.2 0.00754438690685 -0.00420102173877 1.31928928075e-09 -4.2054658475e-17
2.3 0.00683972479669 -0.00120126017246 1.0207122196e-09 -5.19328441418e-17
2.4 0.00727649467864 0.00133519178611 5.96051579021e-10 -8.42199579335e-17
2.5 0.00864585906943 0.00337946907305 6.25958303845e-11 3.88740046827e-17
2.6 0.0107324540216 0.00492297897793 -5.55207197004e-10 8.64626517008e-17
2.7 0.0133227896842 0.00597588333893 -1.22734423927e-09 2.89026518797e-19
2.8 0.0162128000635 0.00656495397127 -1.9202353889e-09 4.48492908341e-18
2.9 0.0192143094917 0.0067309484038 -2.59891493519e-09 -5.2909250279e-17
3 0.0221602511014 0.00652566156664 -3.22926798788e-09 -3.42029747052e-17
3.1 0.0249085416826 0.00600880934764 -3.78015294824e-09 2.45899541842e-17
3.2 0.0273445841019 0.00524489281144 -4.225235717e-09 -1.2712863383e-16
3.3 0.0293824302316 0.0043001783023 -4.54445990786e-09 6.06956949688e-19
3.4 0.0309646913184 0.00323991027286 -4.72502920673e-09 7.73890155727e-17
3.5 0.0320613275766 0.00212585155489 -4.76184054237e-09 -5.08467949189e-17
3.6 0.0326674831517 0.00101422180972 -4.65743251748e-09 -4.04608760211e-18
3.7 0.0328005555363 -4.5919873059e-05 -4.42139501073e-09 -2.12195045257e-17
3.8 0.0324967019228 -0.00101382667002 -4.06939804936e-09 -5.50859709723e-17
3.9 0.0318069866569 -0.00185775088422 -3.6218924294e-09 2.63107696093e-18
4 0.0307933672831 -0.00255518621561 -3.10258550478e-09 -7.3893928238e-17
4.1 0.0295247028571 -0.0030927041937 -2.53687057215e-09 -7.55634594329e-17
4.2 0.0280729462283 -0.00346543432364 -1.95030424021e-09 -2.59283217335e-17
4.3 0.0265096575848 -0.00367624931322 -1.36717753063e-09 6.37180751718e-17
4.4 0.0249029473362 -0.00373472133586 -8.09366639757e-10 -4.21429640732e-18
4.5 0.0233149272146 -0.00365591791554 -2.95462360201e-10 2.9770515575e-17
4.6 0.0217997181249 -0.00345910526819 1.59759736968e-10 3.99424144854e-17
4.7 0.0204020350212 -0.00316642321636 5.45577255034e-10 1.69028516451e-16
4.8 0.0191563427653 -0.00280158999087 8.55241362955e-10 -5.02192145975e-18
4.9 0.0180865538453 -0.00238868760869 1.08561998656e-09 1.63334838072e-17
5 0.017206219514 -0.0019510696506 1.23671746716e-09 -9.16552200583e-17
5.1 0.0165191505785 -0.0015104237237 1.31099756318e-09 5.10512923583e-17
5.2 0.0160203931214 -0.0010860111798 1.31270379646e-09 -1.05597848738e-16
5.3 0.0156974776567 -0.000694096772815 1.24716157804e-09 -1.65191425163e-17
5.4 0.0155318572705 -0.000347572079594 1.12019022002e-09 -9.61519963899e-17
5.5 0.0155004518692 -5.57678270335e-05 9.37619001442e-10 2.57195970732e-17
5.6 0.0155772189271 0.000175556727702 7.04956544857e-10 -7.27493943257e-17
5.7 0.015734679529 0.000344065614925 4.27260699541e-10 -1.20804362238e-17
5.8 0.0159453366056 0.000450562018465 1.09142261793e-10 5.22809780977e-17
5.9 0.0161829341935 0.000498594629004 -2.45016031094e-10 -3.26165495078e-17
6 0.0164235182908 0.00049398289657 -6.30800739585e-10 -8.76293463367e-18
6.1 0.01664627262 0.000444290390421 -1.04335047237e-09 5.67468200852e-18
6.2 0.0168341151397 0.000358274987744 -1.47699692781e-09 5.2178831359e-17
6.3 0.0169740533201 0.000245342745167 -1.92491579199e-09 -6.79169515365e-17
6.4 0.0170573071224 0.00011503002212 -2.3788790261e-09 4.76683028564e-17
6.5 0.0170792183687 -2.34654401896e-05 -2.8291478795e-09 8.58656156402e-17
6.6 0.0170389731628 -0.000161687502616 -3.26452141787e-09 -2.39686012743e-18
6.7 0.0169391701179 -0.000292246516034 -3.6725754298e-09 7.01727149868e-17
6.8 0.0167852711303 -0.00040905831735 -4.04009697263e-09 -6.38726197272e-17
6.9 0.0165849736726 -0.000507494464534 -4.35360501931e-09 4.17074637735e-17
7 0.0163475433461 -0.000584445112787 -4.60004778029e-09 4.03442248997e-17
7.1 0.0160831437435 -0.000638300121121 -4.76749698724e-09 9.78054246695e-17
7.2 0.0158021973497 -0.000668857285036 -4.84586997512e-09 2.83088772881e-17
7.3 0.0155148062473 -0.000677169408574 -4.8275973204e-09 2.50154253042e-17
7.4 0.0152302556601 -0.000665343985983 -4.70816242805e-09 -3.23313271666e-17
7.5 0.0149566170434 -0.000636310345335 -4.48646982836e-09 3.09072837556e-17
7.6 0.0147004605535 -0.000593569438565 -4.16504181642e-09 1.30271307092e-17
7.7 0.0144666802526 -0.000540940974383 -3.74996358979e-09 7.20783574709e-17
7.8 0.0142584290562 -0.000482321363457 -3.2506124653e-09 4.73092362809e-17
7.9 0.0140771550875 -0.000421464165974 -2.67921166082e-09 1.08044420323e-16
8 0.0139227264156 -0.000361792420154 -2.05014852505e-09 -7.83215585563e-17
8.1 0.0137936277599 -0.000306249624137 -1.37923402974e-09 -2.72224809701e-17
8.2 0.0136872106268 -0.000257193531758 -6.82785481319e-10 -7.6045154625e-17
8.3 0.013599977144 -0.000216333976308 2.32199143179e-11 2.91153557098e-17
8.4 0.0135278781643 -0.000184713632654 7.24026303957e-10 1.13909450025e-16
8.5 0.0134666074516 -0.000162728099942 1.4068408431e-09 -6.60275440136e-18
8.6 0.0134118758555 -0.000150179900804 2.06143385139e-09 1.16469698724e-16
8.7 0.0133596523055 -0.000146359537762 2.68052548311e-09 -4.90021352346e-17
8.8 0.0133063618264 -0.000150146205598 3.25997736985e-09 -2.87488725778e-17
8.9 0.0132490341881 -0.000160120190154 3.79867646631e-09 -4.21061555958e-18
9 0.013185400431 -0.000174679336091 4.29820983195e-09 -5.02148461926e-17
9.1 0.0131139377694 -0.000192152433687 4.76227706402e-09 -7.0040128545e-17
9.2 0.0130338663518 -0.000210903231144 5.19592234758e-09 6.05132250795e-17
9.3 0.01294510357 -0.00022942005957 5.60461559268e-09 2.63736062392e-17
9.4 0.0128481836889 -0.000246387545665 5.99324920734e-09 -1.15434000566e-17
9.5 0.0127441518112 -0.000260738188941 6.36513480537e-09 -4.26067064394e-17
9.6 0.0126344410528 -0.000271683171019 6.72108770194e-09 -1.00611693819e-16
9.7 0.0125207432492 -0.000278723106868 7.05864349273e-09 -2.7164763341e-17
9.8 0.0124048806627 -0.00028164117496 7.37151852962e-09 8.90487556827e-17
9.9 0.0122886862502 -0.000280480506143 7.64938287604e-09 -3.19883215459e-17
10 0.012173898373 -0.000275509468993 7.87797025114e-09 -7.4565242943e-17
10.1 0.0120620740846 -0.000267178741948 8.03961801249e-09 -1.79038276743e-17
10.2 0.0119545235441 -0.000256073821127 8.11416923002e-09 -1.92553751773e-17
10.3 0.0118522665128 -0.000242866140349 8.08026931523e-09 8.35120289862e-17
10.4 0.011756010314 -0.000228265642191 7.91698482125e-09 -7.85204043218e-17
10.5 0.0116661473623 -0.00021297742102 7.60565669342e-09 -2.97982965262e-18
10.6 0.0115827698777 -0.000197664374967 7.13180960672e-09 -6.43394214017e-18
10.7 0.0115056991603 -0.000182917098255 6.48708057415e-09 2.89961165385e-17
10.8 0.0114345259579 -0.000169231986102 5.67089858133e-09 -1.78091783072e-17
10.9 0.0113686575313 -0.00015699791826 4.69186540229e-09 -3.44360209146e-17
11 0.0113073673988 -0.00014649090984 3.56861591407e-09 -4.84618042097e-17
11.1 0.0112498447362 -0.000137875526537 2.33008051163e-09 2.03345045186e-16
11.2 0.0111952410875 -0.000131211789856 1.01509085811e-09 5.1603439586e-17
11.3 0.0111427123544 -0.000126466324981 -3.28777034084e-10 -1.13988974467e-16
11.4 0.0110914540926 -0.000123526703946 -1.64700084417e-09 2.96946687973e-17
11.5 0.0110407290347 -0.00012221762616 -2.88057216317e-09 -2.11666057985e-18
11.6 0.0109898874699 -0.000122317396055 -3.96892401352e-09 1.86041607021e-17
11.7 0.010938381833 -0.000123573678179 -4.85317972028e-09 4.46300762835e-18
11.8 0.0108857764336 -0.000125717921068 -5.47953491943e-09 -3.09267962975e-17
11.9 0.0108317534276 -0.000128477062235 -5.80249987184e-09 -5.29178466673e-18
12 0.010776112045 -0.000131587404195 -5.78784488952e-09 -6.31143357374e-17
12.1 0.010718768676 -0.000134800366904 -5.41499079848e-09 -3.88871298362e-17
12.2 0.0106597478323 -0.000137893293426 -4.67871496439e-09 1.13807043903e-17
12.3 0.0105991713475 -0.000140674600188 -3.5900049865e-09 2.06602587947e-17
12.4 0.0105372446 -0.00014298649418 -2.17603626828e-09 2.22753032966e-17
12.5 0.0104742415104 -0.000144705956717 -4.7918460807e-10 -2.32684566563e-17
12.6 0.0104104896266 -0.000145745307895 1.44476897799e-09 -5.53187833626e-17
12.7 0.010346355383 -0.000146052742044 3.52922446512e-09 -3.74497589454e-17
12.8 0.0102822293699 -0.000145612116739 5.69994566661e-09 -3.44959825158e-17
12.9 0.0102185111794 -0.000144441720187 7.87863759576e-09 -1.36241944206e-17
13 0.010155594128 -0.000142592110219 9.98670423723e-09 8.02130309738e-17
13.1 0.0100938504332 -0.000140142819854 1.19489711168e-08 -4.93212381937e-18
13.2 0.0100336172581 -0.000137197979037 1.36971559123e-08 1.17439306028e-18
13.3 0.00997518350944 -0.00013388135032 1.51728437585e-08 -3.5323242853e-17
13.4 0.009918777312 -0.000130331235158 1.63299015544e-08 2.94030631307e-17
13.5 0.00986455475788 -0.000126694707648 1.71361247927e-08 7.82215673209e-19
13.6 0.0098125909842 -0.000123120833046 1.75741159274e-08 4.76093745389e-17
13.7 0.00976287482345 -0.000119753082885 1.76413601023e-08 5.68163629436e-17
13.8 0.00971530849259 -0.000116721782419 1.73495502198e-08 -1.01928449533e-16
13.9 0.00966971313382 -0.000114137169798 1.67232311886e-08 -6.34491683472e-17
14 0.00962584055836 -0.000112083372409 1.57978936804e-08 1.72934798307e-17
14.1 0.0095833848172 -0.000110614691472 1.46176831561e-08 -9.29219435463e-18
14.2 0.0095420011098 -0.000109750036062 1.32328196821e-08 4.51534327504e-17
14.3 0.00950132432706 -0.000109471231753 1.1696935845e-08 -1.24736759378e-16
14.4 0.0094609898858 -0.000109721946362 1.00644872564e-08 1.48876331909e-16
14.5 0.00942065539332 -0.00011040728742 8.38828812047e-09 4.34796434843e-18
14.6 0.00938002249094 -0.000111397070333 6.71737717111e-09 8.12627168313e-17
14.7 0.00933885729067 -0.000112532979854 5.09520958009e-09 2.92764717175e-18
14.8 0.00929700803913 -0.00011363885907 3.55827165349e-09 5.12877741912e-17
14.9 0.00925441852001 -0.000114532856626 2.13513374627e-09 -8.5506643591e-18
15 0.00921113550432 -0.000115039906681 8.45940298358e-10 -2.03896414205e-17
15.1 0.00916730853756 -0.000115004081078 -2.9765453768e-10 3.79192326569e-17
15.2 0.00912318142589 -0.000114300308163 -1.29216495377e-09 4.52418608444e-17
15.3 0.00907907605081 -0.000112844660328 -2.14158157754e-09 4.63141187112e-17
15.4 0.00903537025064 -0.00011060178552 -2.85637406095e-09 1.49733525223e-17
15.5 0.00899247189747 -0.000107588539366 -3.45226333856e-09 -1.8531432252e-17
15.6 0.00895079105197 -0.000103873919529 -3.94878720829e-09 -1.58737337904e-17
15.7 0.00891071132163 -9.95762296441e-05 -4.36780386753e-09 3.57091276193e-17
15.8 0.00887256107117 -9.48580909467e-05 -4.7319410352e-09 9.29232483644e-18
15.9 0.00883658581396 -8.99192832881e-05 -5.06309415703e-09 -1.53576782056e-18
16 0.0088029240592 -8.49870778685e-05 -5.38106818509e-09 4.12358571548e-17
16.1 0.00877158902089 -8.03040157908e-05 -5.70237976432e-09 -6.24190799382e-17
16.2 0.00874245790691 -7.61137376047e-05 -6.03936768648e-09 -9.58108496519e-17
16.3 0.00871527066507 -7.26458734807e-05 -6.39957976543e-09 -6.42779208715e-17
16.4 0.00868963394882 -7.01020861623e-05 -6.78547997543e-09 1.55587882282e-18
16.5 0.00866504090874 -6.86417682014e-05 -7.19454191719e-09 1.34525466322e-16
16.6 0.00864089449052 -6.83712672135e-05 -7.61964165033e-09 -4.2316091348e-17
16.7 0.00861654115348 -6.93336034389e-05 -8.04978380638e-09 9.30656639125e-17
16.8 0.00859130902516 -7.15021669676e-05 -8.47106419737e-09 -9.14025142437e-18
16.9 0.00856454987181 -7.47781399839e-05 -8.86779241503e-09 -1.02310750338e-16
17 0.00853568062929 -7.89910977893e-05 -9.22370999081e-09 -1.66950019474e-16
17.1 0.00850422299932 -8.39050814061e-05 -9.52323465206e-09 1.84596311462e-17
17.2 0.00846983901745 -8.92285126851e-05 -9.75259164355e-09 3.84238867456e-17
17.3 0.00843235981982 -9.46282335717e-05 -9.90077906231e-09 -3.51100721435e-17
17.4 0.00839180484487 -9.97473549457e-05 -9.96027145559e-09 -1.31055814234e-17
17.5 0.00834838964451 -0.000104226211984 -9.92748331116e-09 -3.34870110524e-18
17.6 0.00830252164679 -0.000107724932094 -9.8028571949e-09 6.52996065794e-17
17.7 0.00825478419361 -0.000109945421936 -9.59068690364e-09 -4.30363583992e-17
17.8 0.00820590969957 -0.000110650538405 -9.29859131719e-09 1.20916360952e-16
17.9 0.00815674302375 -0.000109679214138 -8.93684870105e-09 9.99107760264e-17
18 0.00810819648017 -0.000106957022911 -8.51748016834e-09 1.67941039948e-18
18.1 0.00806119866505 -0.000102502037737 -8.05328861897e-09 5.59210028736e-17
18.2 0.00801664045191 -9.642561097e-05 -7.55690912478e-09 -3.34060418293e-17
18.3 0.00797532216736 -8.89278747506e-05 -7.03992684212e-09 -1.81387520579e-17
18.4 0.00793790579153 -8.0288178493e-05 -6.51217486134e-09 4.91027816561e-18
18.5 0.00790487474706 -7.08509306934e-05 -5.98124607157e-09 4.75383179787e-17
18.6 0.00787650307645 -6.10075875071e-05 -5.45225599434e-09 3.83746437335e-17
18.7 0.00785283584655 -5.11757774464e-05 -4.92787187156e-09 4.74485870408e-17
18.8 0.00783368283171 -4.17766828965e-05 -4.40857653848e-09 1.57843075127e-17
18.9 0.00781862651658 -3.32120411824e-05 -3.89313558693e-09 7.46251949099e-17
19 0.00780704388026 -2.5842200425e-05 -3.37919498737e-09 1.94692958019e-17
19.1 0.00779814031272 -1.99666546555e-05 -2.8639820989e-09 1.95812630061e-16
19.2 0.00779099363942 -1.58083009159e-05 -2.34497475292e-09 3.01959442882e-17
19.3 0.0077846059285 -1.35026135415e-05 -1.82050036903e-09 -3.60591511872e-18
19.4 0.00777795997661 -1.30923688788e-05 -1.29022851774e-09 6.59434602053e-17
19.5 0.00777007659394 -1.4527703751e-05 -7.55487988216e-10 -2.47151565718e-17
19.6 0.00776006851253 -1.76707404679e-05 -2.19366640206e-10 -2.00675485385e-17
19.7 0.00774718720908 -2.23044043324e-05 3.13335471844e-10 6.62280647973e-17
19.8 0.00773085981157 -2.81456391849e-05 8.36389886505e-10 1.7483369049e-17
19.9 0.00771071443261 -3.48623451868e-05 1.34252156687e-09 -2.67828589817e-17
20 0.0076865930113 -4.2092614245e-05 1.82394516647e-09 -4.08531243217e-17
20.1 0.0076585516513 -4.94646021029e-05 2.27291872352e-09 8.24970356439e-17
20.2 0.00762684919938 -5.66159186685e-05 2.68230017203e-09 2.61186045204e-17
20.3 0.00759192551442 -6.32119084281e-05 3.04605661065e-09 6.52444334252e-17
20.4 0.00755437106156 -6.89618686518e-05 3.35964068631e-09 1.18581270929e-17
20.5 0.00751488953532 -7.36320368228e-05 3.6202766441e-09 8.48435198866e-17
20.6 0.00747425556369 -7.70545002072e-05 3.82709547549e-09 1.56234735244e-18
20.7 0.00743327008593 -7.91316992661e-05 3.98110043667e-09 -3.48906591904e-17
20.8 0.00739271647762 -7.9836618199e-05 4.0850193775e-09 2.94872898689e-17
20.9 0.00735332073178 -7.92090907107e-05 4.14308899543e-09 -1.09724221067e-16
21 0.00731571853005 -7.7348776078e-05 4.16072512665e-09 -3.42889009319e-17
21.1 0.0072804309182 -7.44051577655e-05 4.14418211024e-09 2.59989641425e-17
21.2 0.00724784886788 -7.05651176899e-05 4.10022419511e-09 7.26195662268e-17
21.3 0.00721822599937 -6.60394672046e-05 4.03578818448e-09 -9.61201392031e-17
21.4 0.00719167839971 -6.10504176089e-05 3.95772145784e-09 2.46183110348e-17
21.5 0.0071681906566 -5.58213458454e-05 3.87255410159e-09 6.3664384493e-18
21.6 0.0071476272786 -5.05687100467e-05 3.78630923827e-09 1.08809255737e-17
21.7 0.0071297480447 -4.54951178704e-05 3.70435450881e-09 2.16220663849e-18
21.8 0.00711422607133 -4.07826228085e-05 3.63129295289e-09 3.19437572977e-17
21.9 0.00710066746036 -3.65861305323e-05 3.5708021907e-09 -9.82831176403e-17
22 0.00708863194717 -3.30273064352e-05 3.52555701042e-09 4.10468924876e-17
22.1 0.00707765384823 -3.018981328e-05 3.49706810567e-09 -8.09215586771e-18
22.2 0.00706726232909 -2.81168631223e-05 3.48554155276e-09 5.25850036572e-17
22.3 0.00705700020042 -2.68115493945e-05 3.4897605326e-09 2.49233074247e-18
22.4 0.0070464407717 -2.62396913791e-05 3.506986501e-09 3.34400811591e-18
22.5 0.00703520229907 -2.63346628907e-05 3.53289855196e-09 -8.51179941692e-18
22.6 0.00702295952514 -2.70036286958e-05 3.56162917643e-09 -4.96100418109e-17
22.7 0.00700945219854 -2.81343399562e-05 3.58592676501e-09 -4.13484319472e-17
22.8 0.00699449041124 -2.96018033818e-05 3.59740583779e-09 -4.30899711186e-17
22.9 0.00697795635919 -3.12748228308e-05 3.58695846647e-09 -4.34176121889e-17
23 0.00695980242647 -3.30226670462e-05 3.54527176315e-09 1.26041497381e-18
23.1 0.00694004646834 -3.47214694413e-05 3.46346725997e-09 5.78783325248e-17
23.2 0.00691876584249 -3.62593412137e-05 3.33379776971e-09 2.71526500983e-17
23.3 0.00689609161866 -3.75396798837e-05 3.15033737477e-09 -1.79010157818e-17
23.4 0.00687220322507 -3.8483154341e-05 2.90968287002e-09 5.63194805337e-17
23.5 0.00684732315234 -3.9029234097e-05 2.6115089968e-09 3.18239258272e-17
23.6 0.00682171056023 -3.91379691282e-05 2.25899359159e-09 9.87469221346e-18
23.7 0.00679565267469 -3.87923187465e-05 1.85900303625e-09 1.50287651248e-17
23.8 0.00676945348841 -3.80006890236e-05 1.42206137695e-09 1.82485745736e-17
23.9 0.0067434202819 -3.67986220994e-05 9.62034285911e-10 8.27212762008e-17
24 0.00671784902223 -3.52483782401e-05 4.95581082759e-10 -2.45211219233e-18
24.1 0.00669300974149 -3.34356968167e-05 4.13709412501e-11 4.16253125782e-17
24.2 0.00666913290687 -3.14638046112e-05 -3.80886394745e-10 -6.51949530527e-17
24.3 0.0066463202466 -2.94006822193e-05 -7.51490693863e-10 -4.4319927492e-17
24.4 0.00662402574271 -2.79677487184e-05 -1.05187058766e-09 -4.88786222853e-17
24.5 0.00660346015347 -2.63939722686e-05 -1.26564721881e-09 5.02770103208e-17
24.6 0.0065838495001 -2.45006236269e-05 -1.37959726486e-09 6.87903066732e-17
24.7 0.00656525654915 -2.29989738941e-05 -1.3844364836e-09 2.53372611948e-17
24.8 0.00654767506938 -2.21935371258e-05 -1.2753951008e-09 8.10542157438e-18
24.9 0.00653132809564 -2.25378453602e-05 -1.05252871916e-09 7.42308788738e-17
25 0.006514883002 -2.35364370282e-05 -7.20810565455e-10 -9.92309306516e-18
25.1 0.00649951466635 -2.30417268817e-05 -2.89892303212e-10 4.75234980074e-17
25.2 0.00648019400032 -2.23442066688e-05 2.26267146482e-10 1.07842018442e-16
25.3 0.00646043292518 -2.1662916332e-05 8.10047278444e-10 -7.14946199763e-19
25.4 0.00644467823021 -2.23510702352e-05 1.44094060941e-09 -1.42431964853e-17
25.5 0.00642960038472 -2.29532614997e-05 2.09643437546e-09 1.41078387494e-17
25.6 0.00641174209022 -2.29613203277e-05 2.75295259738e-09 1.20412076061e-17
25.7 0.00639400549141 -2.18827258647e-05 3.38684333839e-09 5.06255407917e-17
25.8 0.00637495418378 -2.30842194379e-05 3.97531352917e-09 -3.12855696418e-17
25.9 0.00635802200405 -2.20538843243e-05 4.49732823825e-09 -1.74409725386e-17
26 0.00633832636569 -1.84165678696e-05 4.93442485412e-09 -7.70786530142e-18
26.1 0.00630665300293 -1.94326626567e-05 5.27139434236e-09 -5.21504976578e-17
26.2 0.00628362674669 -1.64432580052e-05 5.49688031833e-09 -6.87846770902e-17
26.3 0.00626377350728 -1.61243903661e-05 5.6037907091e-09 -5.50211571566e-17
26.4 0.00624426746836 -1.49436372931e-05 5.5896027323e-09 -3.89163584821e-17
26.5 0.00621389367098 -1.48794570217e-05 5.45645567728e-09 2.42235807744e-17
26.6 0.00619517899552 -1.41890680532e-05 5.21112477011e-09 -3.0188468162e-17
26.7 0.00617690494826 -1.23603094116e-05 4.86476666295e-09 -3.85200939385e-18
26.8 0.00614863173892 -6.27094264744e-06 4.43251131437e-09 -2.26035257252e-17
26.9 0.0061299512947 -5.44274272595e-06 3.9328902732e-09 1.27769529661e-16
27 0.00610485818006 -4.73369721843e-06 3.38706575581e-09 2.48989404706e-17
27.1 0.00608411928891 -5.21322157408e-06 2.81795032033e-09 2.815267527e-17
27.2 0.00606073948265 -1.20618682967e-05 2.24919109165e-09 -4.90959733194e-18
27.3 0.00603998086129 -1.39501122825e-05 1.70413571451e-09 -9.72131256458e-18
27.4 0.00601785994586 -1.73886480313e-05 1.20473187947e-09 4.13120095083e-17
27.5 0.00599262556124 -2.03333779682e-05 7.70511700934e-10 -1.18685583143e-17
27.6 0.0059677525409 -2.25055514888e-05 4.1766210424e-10 2.28153572112e-17
27.7 0.00592547351265 -2.69056975271e-05 1.58260765946e-10 -3.78499007928e-17
27.8 0.00589853459178 -2.83315004263e-05 -2.82361974409e-13 6.36020649704e-17
27.9 0.00586069369645 -1.99236849383e-05 -5.55518033897e-11 1.63023876689e-17
28 0.00583545417682 -2.03458067821e-05 -1.01681562577e-11 -5.92203665306e-17
28.1 0.00579216268502 -2.14354967791e-05 1.28435183134e-10 8.19058288703e-18
28.2 0.00576295384829 -2.10619107233e-05 3.48475170438e-10 1.00402359575e-17
28.3 0.00572936512368 -2.0220954871e-05 6.34563995403e-10 7.68331386346e-18
28.4 0.00570727551388 -1.82907717846e-05 9.68565325069e-10 -1.06346006437e-18
28.5 0.0056810044434 -1.71240887087e-05 1.33064358915e-09 4.41352018592e-17
28.6 0.00564080442205 -1.53112003794e-05 1.70037397539e-09 -3.20871387099e-17
28.7 0.00562727285951 -1.28105130169e-05 2.05781413131e-09 9.03118448488e-18
28.8 0.00561687977583 -8.00463304665e-06 2.38457633417e-09 -1.33726530357e-18
28.9 0.0055766608462 1.85856021161e-05 2.66472229873e-09 -2.10860278482e-17
29 0.00556307950694 2.06365722999e-05 2.88553643053e-09 -3.05421706601e-17
29.1 0.00555511610999 2.19617546376e-05 3.03806751075e-09 -1.38844735185e-16
29.2 0.00555139176177 2.25005173281e-05 3.11745432624e-09 -3.73661146618e-17
29.3 0.0055465504231 2.27652313379e-05 3.1229743018e-09 -6.26995027938e-18
29.4 0.00554145692685 2.12402166646e-05 3.05789526593e-09 -2.77957470126e-18
29.5 0.00553410024084 2.24672031493e-05 2.92908397943e-09 6.45313702233e-17
29.6 0.00552647050215 1.91352618744e-05 2.7464079689e-09 -8.22415996251e-17
29.7 0.00551498951967 1.70053278165e-05 2.52200266065e-09 2.08840778508e-17
29.8 0.00550447553243 1.29845147902e-05 2.26944376099e-09 -2.37943666041e-17
29.9 0.00545670267861 7.86667967772e-05 2.00284264118e-09 8.82713722674e-18
30 0.00544632318217 7.66605183518e-05 1.73595155753e-09 -4.31754808036e-18
30.1 0.00543053870613 7.83667872356e-05 1.48133788131e-09 3.20602366442e-17
30.2 0.0054038882263 7.04142643579e-05 1.24963680939e-09 -7.63765034552e-17
30.3 0.00538464478114 6.79944723761e-05 1.04897512962e-09 2.62123863739e-17
30.4 0.00535959810223 6.01687985096e-05 8.84550759734e-10 9.03630253676e-17
30.5 0.00533291699713 4.96891210862e-05 7.58439583835e-10 5.09486525896e-17
30.6 0.00530110293912 4.60715746052e-05 6.69579105601e-10 1.25604276132e-17
30.7 0.00526644387045 4.25434666586e-05 6.13993692127e-10 -1.89897624783e-17
30.8 0.00524359448884 3.89545279166e-05 5.85183244847e-10 4.4216316207e-17
30.9 0.00521725987021 3.91416909498e-05 5.74684318985e-10 -4.04519243956e-17
31 0.0051922940907 4.01467748935e-05 5.72760767303e-10 -6.24128035399e-17
31.1 0.00512323481074 3.66229824477e-05 5.69155922659e-10 -9.95078068898e-18
31.2 0.00509927299499 4.03403201548e-05 5.53870825465e-10 -4.31044494171e-18
31.3 0.00507978197805 3.90582981661e-05 5.17902820491e-10 -6.04198675146e-17
31.4 0.00505533990263 3.98077461804e-05 4.5392605862e-10 4.82250868523e-18
31.5 0.00504392132566 3.96871921015e-05 3.56794766011e-10 -1.55345652107e-17
31.6 0.00502872565873 3.67106857622e-05 2.23936822935e-10 -7.66813219272e-17
31.7 0.00500555843955 4.3540833571e-05 5.55179936919e-11 1.72855849174e-17
31.8 0.00497799794958 3.73066722621e-05 -1.45559498329e-10 -3.24809980819e-17
31.9 0.00496878068596 3.92434485385e-05 -3.73876503443e-10 6.88742689472e-17
32 0.00495978741357 4.49645789406e-05 -6.21842021856e-10 -3.33766734888e-17
32.1 0.00495283190879 4.80914117834e-05 -8.80202566318e-10 1.92826747622e-17
32.2 0.00435510373828 0.000410826712845 -1.13864435273e-09 -1.25790517999e-17
32.3 0.00434615467689 0.000401201218444 -1.38642283285e-09 -3.30055695074e-17
32.4 0.00433172517486 0.00040614461627 -1.61299290809e-09 4.9040455627e-17
32.5 0.00431954473955 0.000403345222151 -1.80861383676e-09 -1.31630566571e-17
32.6 0.004300513449 0.000393759878073 -1.96486118067e-09 4.22033107329e-18
32.7 0.0042915684167 0.000391409949008 -2.07501232379e-09 1.01940050533e-17
32.8 0.00428246524517 0.000390470529017 -2.13434004119e-09 -2.54344717298e-17
32.9 0.00426862978776 0.000389112829292 -2.14024969169e-09 6.54506367633e-19
33 0.00425565255647 0.000385782405058 -2.09229661257e-09 -1.48498649264e-18
33.1 0.00424765202846 0.000383696584331 -1.99211629516e-09 -6.99435861001e-17
33.2 0.004227432606 0.000401873409179 -1.84323322029e-09 -1.67570872427e-17
33.3 0.00421170121069 0.000399528505548 -1.65084032001e-09 -4.32977008197e-17
33.4 0.00419746043801 0.000391692608025 -1.42148455963e-09 -2.75914697443e-17
33.5 0.00417783596554 0.000394123381 -1.16277373229e-09 -5.46712482723e-17
33.6 0.00399862383038 0.000413404960547 -8.83061735438e-10 -4.81223141359e-17
33.7 0.0039836807722 0.000410187931935 -5.91115392411e-10 -4.90980063243e-17
33.8 0.00397266785284 0.000413010571976 -2.95813502583e-10 -2.14166752844e-17
33.9 0.00394692880908 0.000415075874182 -5.84506416424e-12 -3.37071009833e-17
34 0.00393528217423 0.000410833921028 2.70564510422e-10 -3.14994522444e-17
34.1 0.00392158293933 0.000410289217344 5.25933045799e-10 1.53943052518e-17
34.2 0.00389502297644 0.000395715103244 7.53791377427e-10 3.28554461598e-18
34.3 0.00388561877594 0.000391714911893 9.48899818478e-10 -2.05434581411e-17
34.4 0.00387061180083 0.000394455299013 1.10748873414e-09 4.94774289629e-17
34.5 0.00385592637085 0.000389188921242 1.22742049344e-09 -1.78676758717e-17
34.6 0.00383526527077 0.00038808168845 1.30831167401e-09 3.23724214498e-17
34.7 0.00382277498572 0.000383751482513 1.35161676953e-09 6.4880119746e-17
34.8 0.00381489997923 0.000382715328716 1.36058190355e-09 4.27435985853e-18
34.9 0.00380614541654 0.000379853522277 1.34015986272e-09 -1.01860561783e-16
35 0.00378655470887 0.000376984624133 1.29678217285e-09 1.50524788589e-17
35.1 0.00376630966066 0.000377202683554 1.23806606072e-09 -1.22061428178e-16
35.2 0.00375354472433 0.000375188165091 1.17241803614e-09 -5.32718129942e-17
35.3 0.00374563111413 0.000371216866158 1.10855317864e-09 -1.5644060091e-17
35.4 0.00372751231866 0.000360464431835 1.05497987534e-09 1.29923958785e-18
35.5 0.00370954906015 0.000360135776069 1.01947468085e-09 -2.17672159554e-17
35.6 0.00370031504854 0.000358189509879 1.00855443581e-09 6.09158186821e-17
35.7 0.00368890005563 0.000356585801458 1.02702679589e-09 3.94026199774e-17
35.8 0.00366726206054 0.000353332724031 1.077627585e-09 5.64585888276e-17
35.9 0.00365020703876 0.000347007167232 1.16079620619e-09 3.58063014422e-17
36 0.00364028697656 0.000345155091753 1.27459902361e-09 1.45047073467e-17
36.1 0.00362447161923 0.000332008489789 1.41480769982e-09 -8.26946074122e-18
36.2 0.00359535368611 0.000318372880595 1.57515563636e-09 1.23805370518e-17
36.3 0.00358805529112 0.000317988408581 1.74772143831e-09 7.48937459155e-18
36.4 0.00357764726231 0.00031753437481 1.92347071526e-09 -9.21599470146e-17
36.5 0.00356124321361 0.000321539715837 2.09285080868e-09 -4.36348810336e-17
36.6 0.00353982647322 0.000318437397203 2.24645251577e-09 1.69706772987e-17
36.7 0.00353167097717 0.000319126171206 2.37565928647e-09 -4.39999990919e-17
36.8 0.00352097463195 0.000315722742919 2.47325826533e-09 4.66859558392e-17
36.9 0.00350993620004 0.000317323416582 2.53393844436e-09 -4.19043615938e-17
37 0.00349561760799 0.000316382728104 2.55469760159e-09 1.05954605439e-17
37.1 0.00348079669993 0.000315507173155 2.5350536054e-09 -4.18762487183e-17
37.2 0.00345883062613 0.000305217965101 2.47710044396e-09 3.64565783471e-17
37.3 0.00345010473006 0.000304075773146 2.38537781366e-09 -4.21290604464e-17
37.4 0.00343877893642 0.000303780519934 2.26660832911e-09 5.57544555664e-17
37.5 0.00342163750635 0.000302452918413 2.12925022942e-09 -7.54639232562e-17
37.6 0.00341210543761 0.000301016027661 1.98293856454e-09 -1.88949348384e-17
37.7 0.00340229212531 0.000300021210552 1.83788022971e-09 4.15173857358e-17
37.8 0.00338849473866 0.000299371369113 1.70418231294e-09 2.85802607005e-17
37.9 0.00337002408812 0.000295431241048 1.5911891609e-09 -4.25314248647e-17
38 0.00335865284747 0.000293191000049 1.50688689963e-09 -2.98306380042e-17
38.1 0.00334856067669 0.000291928719252 1.45737241074e-09 1.37221721687e-17
38.2 0.00333975055767 0.000290197228531 1.44646197395e-09 -4.21287737529e-17
38.3 0.00333194184297 0.000290546040708 1.47541523635e-09 -3.33053784731e-17
38.4 0.00331577186705 0.000292504840507 1.54285034706e-09 1.78281736e-17
38.5 0.00329715901294 0.000291588943511 1.64479161546e-09 2.87588407741e-17
38.6 0.0032868212899 0.000290362289183 1.77488230515e-09 1.75772576151e-17
38.7 0.00327936926748 0.000290947308742 1.92478486583e-09 -4.49976002536e-18
38.8 0.00326175954216 0.000283567081499 2.08463714721e-09 2.6950174238e-17
38.9 0.00325278664702 0.000286522035448 2.24367433696e-09 6.40588952201e-17
39 0.00324411130356 0.000287801329689 2.39086995805e-09 3.4502700677e-17
39.1 0.00323889571351 0.000285987281924 2.5156248211e-09 -2.31140633083e-17
39.2 0.00322934913323 0.000290634406521 2.60842341029e-09 -6.38467094658e-18
39.3 0.0032235054696 0.000290117561061 2.66143060186e-09 1.25527061938e-17
39.4 0.00321443978347 0.000287653686462 2.66902505572e-09 2.33684360108e-18
39.5 0.00320555758729 0.000284189200584 2.62813669437e-09 6.32980523987e-17
39.6 0.00319783574161 0.00028379851998 2.53852026552e-09 6.17593899555e-17
39.7 0.0031879164891 0.000285961367171 2.40279095433e-09 -1.51066205837e-17
39.8 0.00317781133936 0.000285013149255 2.22631364426e-09 3.20770465318e-18
39.9 0.00314684324796 0.0003068192091 2.016897604e-09 1.20166741943e-16
40 0.00313903623394 0.000300723801125 1.78436989855e-09 1.15915162885e-17
