# L=256
# Trotter decomposition for beta: order=4 and bstep=0.100000
# Trotter decomposition for time: order=4 and tstep=0.100000

# t ; Re[Cij(t)] ; Im[Cij(t)] ; Re[Szi(t)] ; Im[Szi(t)]
0 0.25 0 0 0
0.1 0.248752853734 9.16098595609e-16 -1.07106124704e-15 7.17469441978e-17
0.2 0.245045578816 1.75580989876e-15 -5.68785043257e-16 9.38025114906e-18
0.3 0.238979407539 1.1212269265e-15 -5.13976019972e-18 3.42751471586e-17
0.4 0.230718918421 -7.29532616366e-16 2.80784215767e-15 -4.76908197349e-17
0.5 0.220486015802 4.92001242494e-16 1.60212334082e-15 3.73200125026e-19
0.6 0.208551876136 8.77198010951e-16 -2.35701206274e-16 3.32971213006e-18
0.7 0.1952272126 3.16859662231e-15 -1.59227843715e-15 -2.79500259594e-17
0.8 0.18085127845 -6.12641628459e-16 -8.64749828667e-16 2.58618769301e-17
0.9 0.16578007723 -1.98007588539e-16 -2.72105715112e-16 2.08055524089e-17
1 0.150374272537 4.15951002251e-15 9.67413123445e-16 1.90771851011e-17
1.1 0.134987290737 8.96110758893e-15 3.5359584602e-15 -7.5925516793e-18
1.2 0.119954087574 2.95670083156e-14 2.16219735852e-15 -5.73079927862e-18
1.3 0.105581005811 6.2164297327e-14 2.70417578026e-15 -1.03809962138e-17
1.4 0.0921370887999 1.30400680493e-13 4.93584142299e-16 3.47048516261e-17
1.5 0.0798471380896 3.40162516406e-13 -1.41980778579e-15 -5.54182962936e-17
1.6 0.0688867163339 9.2883475748e-13 1.90697822939e-15 -3.71323174746e-17
1.7 0.059379204269 2.87498088668e-12 2.73173443102e-15 -4.5849805729e-17
1.8 0.0513949277365 7.94493855251e-12 3.62680025705e-15 6.29210583595e-18
1.9 0.0449522817421 1.72364132114e-11 2.2230609975e-15 3.92774276001e-17
2 0.0400206976677 3.45243678777e-11 3.47846407703e-15 1.10526241424e-17
2.1 0.0365252303529 6.15163855565e-11 3.52379093294e-15 2.89832509242e-17
2.2 0.0343524864755 1.01960797794e-10 2.12857933946e-15 -2.39262868983e-19
2.3 0.0333575762325 1.5990027539e-10 2.85707942088e-15 1.17621543071e-17
2.4 0.0333717475172 2.39443833952e-10 1.06002624428e-15 9.11533392198e-18
2.5 0.0342103554749 3.45684924899e-10 2.00124449366e-15 7.69417571178e-18
2.6 0.0356808298021 4.8538809395e-10 6.66856495282e-16 4.09623440641e-18
2.7 0.0375903255562 6.63243763981e-10 9.38567172342e-16 -4.0564796329e-17
2.8 0.0397527786971 8.85217408958e-10 3.31810523158e-15 -1.32608985709e-17
2.9 0.0419951323739 1.15706278016e-09 1.69621152903e-15 -5.46460140822e-18
3 0.0441625514328 1.48458287964e-09 2.48579014668e-15 6.26144917236e-19
3.1 0.0461224979051 1.87216116608e-09 3.77854699711e-15 -4.57823557061e-18
3.2 0.0477675965657 2.32274541085e-09 3.4030662934e-15 2.77944274178e-17
3.3 0.0490172745225 2.83993707107e-09 2.6192620878e-15 9.73193880405e-18
3.4 0.04981820991 3.42414009379e-09 6.29075197846e-16 2.40002376252e-17
3.5 0.0501436702918 4.0745962708e-09 1.76123050247e-15 2.62137509019e-17
3.6 0.049991859833 4.78918879252e-09 2.95140951026e-15 -4.01546334107e-18
3.7 0.0493834246845 5.56295260903e-09 2.94580879651e-15 1.9360815064e-17
3.8 0.0483582878087 6.38888436102e-09 1.97628769458e-15 2.5975233158e-17
3.9 0.0469719974148 7.25719241101e-09 3.75373067256e-15 2.73479223698e-17
4 0.0452917776112 8.15551354152e-09 4.98497962389e-15 2.91942393691e-19
4.1 0.0433924662906 9.07036818348e-09 6.8500558011e-15 -4.54110454842e-17
4.2 0.0413525145123 9.9864516409e-09 4.63111445018e-15 4.37388179622e-18
4.3 0.0392502047712 1.08871435932e-08 4.84197910493e-15 -9.02820023242e-18
4.4 0.037160223722 1.17554191582e-08 3.17715976631e-15 -2.39182309409e-17
4.5 0.0351506994357 1.2574725447e-08 2.88393671182e-15 7.81890994931e-18
4.6 0.033280785424 1.33297953009e-08 6.43852249591e-15 -3.04592137979e-17
4.7 0.031598844737 1.40072020647e-08 4.79234850341e-15 4.02609406717e-17
4.8 0.0301412586597 1.45959463582e-08 2.09436296623e-15 2.52559811307e-17
4.9 0.0289318570058 1.50885053892e-08 -4.87000528968e-16 2.6232904381e-17
5 0.0279819417248 1.54805350245e-08 -8.3159166687e-16 -2.85049608053e-18
5.1 0.0272908533099 1.57714600792e-08 -5.08454633135e-15 3.06030694811e-18
5.2 0.0268470109936 1.59637003803e-08 -3.86962893329e-15 -1.24437476041e-18
5.3 0.0266293433853 1.60627545733e-08 -1.91250418358e-15 -5.44255822716e-17
5.4 0.0266090163269 1.60765239646e-08 -2.16174675514e-15 -4.46651238353e-17
5.5 0.0267513594137 1.60141437579e-08 -1.43402009201e-15 2.38248885278e-17
5.6 0.027017891742 1.58852968971e-08 -2.05959213917e-16 -6.33543555747e-17
5.7 0.0273683507627 1.5699368708e-08 -1.3437011152e-16 2.54763466397e-18
5.8 0.027762635215 1.5464495836e-08 1.1306440999e-15 -3.07750967642e-17
5.9 0.0281625834746 1.5187121752e-08 -1.74628874987e-15 8.6921822333e-18
6 0.0285335216294 1.48713197476e-08 -2.24283603582e-15 -1.82476257119e-17
6.1 0.0288455304896 1.45184825188e-08 -2.31406064681e-15 7.90963648965e-20
6.2 0.0290743968066 1.41278923553e-08 -4.28850956799e-15 -1.6535161731e-17
6.3 0.0292022304558 1.36970696228e-08 -7.0771983012e-15 -1.25476798688e-17
6.4 0.0292177455012 1.32221755668e-08 -3.62582044068e-15 1.76051211881e-18
6.5 0.0291162182195 1.26989058058e-08 -2.65585744002e-15 -3.79326110531e-17
6.6 0.0288991487182 1.21241696272e-08 -4.48222169053e-15 1.02836145014e-17
6.7 0.0285736642309 1.14971332513e-08 -4.06675415988e-15 -2.011123972e-17
6.8 0.0281517111339 1.08203025406e-08 -3.75321581188e-15 1.75302302033e-17
6.9 0.0276490889447 1.01005385287e-08 -3.37821607524e-15 -6.13386209529e-18
7 0.0270843829327 9.34993274656e-09 -4.48278426272e-15 8.3901677341e-20
7.1 0.026477852507 8.58638589594e-09 -4.08855046509e-15 5.23987665164e-18
7.2 0.025850330403 7.83591453123e-09 -1.88426699884e-15 7.79192535763e-18
7.3 0.0252221831478 7.13661090003e-09 -2.64103220244e-15 3.9074217389e-18
7.4 0.0246123766943 6.54177552615e-09 -1.77017686636e-15 1.53951359728e-17
7.5 0.0240376829314 6.11999812654e-09 -6.08293644461e-15 -1.93878132741e-17
7.6 0.0235120534832 5.95104268982e-09 -7.16392276689e-15 1.41544722507e-17
7.7 0.0230461773436 6.12541484046e-09 -1.0540624468e-14 1.6837798937e-17
7.8 0.0226472289523 6.74830218854e-09 -1.02396374256e-14 -1.77459568641e-17
7.9 0.0223188037521 7.95111838769e-09 -1.01107440109e-14 -7.38069893942e-18
8 0.022061029545 9.91923195101e-09 -1.0151816053e-14 3.20813762159e-18
8.1 0.0218708344226 1.28487499954e-08 -8.02484322449e-15 -3.75636648188e-18
8.2 0.0217423462113 1.69774101318e-08 -8.3909711232e-15 9.4325909575e-18
8.3 0.0216673937636 2.25411396324e-08 -9.64718953384e-15 1.30421058268e-17
8.4 0.0216360780466 2.97418050664e-08 -7.49977962538e-15 -1.37854954014e-17
8.5 0.0216373801861 3.87021091933e-08 -8.51215636585e-15 1.23562145752e-18
8.6 0.0216597744564 4.94348630833e-08 -8.3200590401e-15 -2.1089518246e-17
8.7 0.0216918163875 6.18387334891e-08 -8.58531848635e-15 -7.90265574434e-18
8.8 0.0217226797728 7.57493846508e-08 -7.15072201539e-15 9.98696188008e-19
8.9 0.0217426209019 9.10044899031e-08 -7.94474963943e-15 -1.89672922512e-17
9 0.0217433536739 1.07492541532e-07 -5.3988026615e-15 -1.95819436871e-17
9.1 0.021718324938 1.25186562371e-07 -5.10154968893e-15 -1.09798425098e-17
9.2 0.0216628851449 1.44201305056e-07 -5.44088919081e-15 5.30704641735e-17
9.3 0.021574354512 1.64874167699e-07 -6.38703266099e-15 4.07734987235e-17
9.4 0.0214519901598 1.87749599394e-07 -4.94375224855e-15 1.23769156374e-17
9.5 0.021296863701 2.13471995967e-07 -5.59713700224e-15 2.75169432693e-17
9.6 0.0211116624969 2.42686754739e-07 -4.85339059741e-15 3.53668766843e-17
9.7 0.0209004303709 2.76037209211e-07 -8.87282798222e-15 7.50609491953e-18
9.8 0.0206682652585 3.14139487571e-07 -8.88431066663e-15 -5.63378148893e-17
9.9 0.0204209916965 3.57469380294e-07 -1.28449895695e-14 -9.89166532273e-18
10 0.020164825559 4.06225747352e-07 -1.2846783012e-14 3.25726228154e-17
10.1 0.0199060474519 4.60196709994e-07 -1.421258897e-14 -2.65744039906e-17
10.2 0.0196506996363 5.18638592999e-07 -1.67373331991e-14 2.80076139435e-17
10.3 0.0194043186763 5.80004413329e-07 -1.62910938305e-14 -3.33955503648e-17
10.4 0.0191717138148 6.42273293103e-07 -1.53882035017e-14 -1.19845728288e-17
10.5 0.0189567957627 7.02989462314e-07 -1.5586570015e-14 -1.78763252687e-17
10.6 0.0187624610772 7.59867958343e-07 -1.41682085019e-14 -2.05512165163e-17
10.7 0.0185905323779 8.11128995376e-07 -1.57630978676e-14 3.91024475833e-17
10.8 0.0184417534445 8.55588857705e-07 -1.62389804262e-14 -1.61111032159e-17
10.9 0.0183158347483 8.92485466864e-07 -1.79738423085e-14 -2.0074351202e-17
11 0.0182115426587 9.21468196708e-07 -1.62365433127e-14 2.05572135017e-17
11.1 0.0181268250506 9.43017724993e-07 -1.45006371687e-14 7.92224081938e-18
11.2 0.0180589646267 9.58830361048e-07 -1.54085125759e-14 7.72894205378e-18
11.3 0.0180047507109 9.71948451058e-07 -1.47593598876e-14 5.05896758764e-17
11.4 0.0179606602719 9.86593603625e-07 -1.59525212295e-14 -1.36473258012e-17
11.5 0.0179230397597 1.00844977755e-06 -1.65043695831e-14 -3.04989119032e-17
11.6 0.0178882786638 1.04354042522e-06 -1.62826208582e-14 -2.99035198965e-17
11.7 0.0178529691747 1.09853265139e-06 -1.79152506624e-14 1.78641014886e-18
11.8 0.0178140443339 1.17998595528e-06 -1.63912902728e-14 2.08025317894e-17
11.9 0.0177688912676 1.29398676595e-06 -1.90252719711e-14 -1.91208727262e-17
12 0.0177154360054 1.44541975462e-06 -1.99077532155e-14 -3.55863718956e-17
12.1 0.0176521984286 1.63687239358e-06 -2.04280458495e-14 -2.4742918874e-17
12.2 0.0175783165653 1.86749965956e-06 -1.5589944148e-14 1.4110621826e-17
12.3 0.0174935411593 2.13205776652e-06 -1.41762050959e-14 -4.18704721808e-18
12.4 0.0173982026252 2.42083997636e-06 -1.28900757282e-14 -2.06631679905e-17
12.5 0.0172931540352 2.72071074988e-06 -1.38240336697e-14 7.58867816382e-18
12.6 0.0171796944108 3.01666771314e-06 -1.50171187776e-14 3.16539578677e-18
12.7 0.0170594771312 3.29326704294e-06 -1.17369487984e-14 -4.5272624297e-18
12.8 0.0169344085731 3.53564376322e-06 -1.09376297222e-14 5.43728664154e-18
12.9 0.0168065421182 3.7300900933e-06 -8.86801694783e-15 -1.9788677781e-17
13 0.016677972801 3.86444495805e-06 -8.12781091158e-15 -1.87797465531e-18
13.1 0.0165507375783 3.92879423172e-06 -8.10106658825e-15 2.4828824489e-17
13.2 0.0164267247907 3.91636831369e-06 -1.13933049699e-14 5.32727247644e-18
13.3 0.0163075951905 3.82397384674e-06 -1.30035038002e-14 -6.13062856495e-18
13.4 0.0161947171879 3.65173555352e-06 -1.3111484058e-14 5.18526134973e-17
13.5 0.0160891194173 3.40247813502e-06 -1.61731549875e-14 -1.74510916909e-17
13.6 0.0159914624437 3.08107851067e-06 -1.42651875535e-14 -4.58681728741e-17
13.7 0.0159020303132 2.69482887529e-06 -1.43081984115e-14 -2.80647388608e-17
13.8 0.0158207404986 2.25508270562e-06 -1.61580755869e-14 2.35069469581e-17
13.9 0.0157471699665 1.77915502318e-06 -1.65090979757e-14 5.06532996018e-18
14 0.0156805951207 1.29076841306e-06 -1.94476996513e-14 1.82347944777e-17
14.1 0.0156200433023 8.18220769942e-07 -2.09959682694e-14 2.43815184801e-17
14.2 0.0155643530568 3.90863237842e-07 -2.26799857761e-14 -2.80069201394e-17
14.3 0.0155122401151 3.54591053142e-08 -2.4665188646e-14 1.72983177783e-17
14.4 0.0154623659802 -2.26194590175e-07 -2.45191114072e-14 -1.8118883151e-17
14.5 0.0154134058743 -3.78235935842e-07 -2.25117984908e-14 2.62514885939e-17
14.6 0.0153641128253 -4.10786543983e-07 -2.36457979507e-14 -1.15989071869e-17
14.7 0.0153133752816 -3.19511653241e-07 -2.58779715938e-14 3.0229094417e-17
14.8 0.0152602663919 -1.05271333467e-07 -2.64407813153e-14 -2.01197536089e-17
14.9 0.0152040830054 2.25569756446e-07 -2.58564807675e-14 1.1689959474e-17
15 0.0151443720178 6.60277702495e-07 -2.52381223128e-14 1.83935163366e-17
15.1 0.0150809423012 1.17937104265e-06 -2.2986530708e-14 2.52692087778e-18
15.2 0.0150138617135 1.75749263379e-06 -1.83959418907e-14 -7.44139416934e-18
15.3 0.0149434407494 2.36553496631e-06 -1.87428177828e-14 2.76775411588e-17
15.4 0.0148702042134 2.97326255756e-06 -1.78148751783e-14 9.02468709545e-18
15.5 0.0147948524906 3.55186951616e-06 -1.76171615407e-14 -6.80745958733e-18
15.6 0.0147182144334 4.07611067652e-06 -1.75250578887e-14 -7.52394636585e-17
15.7 0.0146411949401 4.52582379515e-06 -1.67759938406e-14 -2.5342655206e-17
15.8 0.0145647209495 4.88680416467e-06 -1.80766943977e-14 -2.69722374561e-18
15.9 0.0144896892535 5.15081072339e-06 -2.06200001369e-14 5.19172397809e-17
16 0.0144169186093 5.31456081768e-06 -2.12214172298e-14 2.919323565e-17
16.1 0.0143471078912 5.37818261717e-06 -2.26224515772e-14 -4.16573748393e-17
16.2 0.0142808016944 5.3439144968e-06 -2.07614031808e-14 4.0897021998e-17
16.3 0.0142183644989 5.2155529535e-06 -2.2683430994e-14 7.98242669419e-18
16.4 0.0141599642898 4.99869012641e-06 -2.3445637963e-14 -6.02906609434e-20
16.5 0.0141055667289 4.70153370266e-06 -2.73355964055e-14 1.94700754795e-17
16.6 0.0140549410476 4.33598176261e-06 -3.05821888549e-14 -2.85272900123e-17
16.7 0.0140076775335 3.91854282478e-06 -3.21872654389e-14 4.68078535301e-18
16.8 0.0139632149051 3.4706286473e-06 -3.19333887505e-14 -4.85387462235e-18
16.9 0.0139208748635 3.01795447772e-06 -3.13017111206e-14 -1.48021050302e-17
17 0.0138799015631 2.58920901274e-06 -3.1044972452e-14 2.00259200171e-17
17.1 0.0138395044293 2.21455184055e-06 -3.21589060981e-14 1.66591236816e-17
17.2 0.0137989027378 1.92442587678e-06 -3.41413854551e-14 -4.7597493937e-18
17.3 0.0137573694664 1.74864704386e-06 -3.52655965776e-14 5.87765199385e-17
17.4 0.0137142710351 1.71549570391e-06 -3.52877387072e-14 -4.65104684599e-17
17.5 0.0136690995836 1.85058178521e-06 -3.60571979668e-14 -7.65129650638e-18
17.6 0.0136214956342 2.17554290333e-06 -3.8170443857e-14 2.59632432827e-17
17.7 0.01357126091 2.70657583918e-06 -3.8243346282e-14 1.21927713204e-17
17.8 0.0135183619997 3.45273517988e-06 -3.76515429277e-14 2.32237932373e-17
17.9 0.0134629255998 4.4137808161e-06 -3.34038491969e-14 5.26077194176e-18
18 0.0134052257974 5.57789179103e-06 -3.08574330088e-14 3.4187102578e-17
18.1 0.0133456640338 6.9203513234e-06 -2.98826068656e-14 3.46402822557e-18
18.2 0.0132847429846 8.40418249015e-06 -3.17768051792e-14 1.44847324874e-17
18.3 0.0132230364552 9.98268048815e-06 -3.32966110368e-14 7.30235411401e-18
18.4 0.0131611580265 1.16029913335e-05 -3.22640918132e-14 1.07010689324e-17
18.5 0.0130997307246 1.32097855067e-05 -3.0365898448e-14 2.2674278333e-19
18.6 0.013039358445 1.47484043211e-05 -3.3717532556e-14 4.46527985432e-17
18.7 0.0129805985896 1.61672653224e-05 -3.5017974564e-14 -3.80003875894e-17
18.8 0.0129239358581 1.74195304332e-05 -3.75749568568e-14 2.58926706775e-17
18.9 0.0128697587728 1.84638783291e-05 -3.71527857213e-14 2.63262997909e-17
19 0.0128183421123 1.92642536409e-05 -3.60766979731e-14 -5.02386779898e-18
19.1 0.0127698383394 1.97891249399e-05 -3.99626108216e-14 6.46789423632e-18
19.2 0.0127242792592 2.00114705519e-05 -4.10597964306e-14 4.83319164904e-17
19.3 0.0126815863984 1.99103825055e-05 -4.13263336025e-14 2.39756446954e-18
19.4 0.0126415867275 1.94738850657e-05 -4.37642814918e-14 -2.62894806347e-18
19.5 0.012604030355 1.87015321763e-05 -4.50110600764e-14 1.9035632642e-17
19.6 0.0125686079502 1.76055034335e-05 -4.73426658983e-14 7.79606365637e-18
19.7 0.0125349669223 1.62100291123e-05 -4.27404644338e-14 -9.41368006379e-18
19.8 0.0125027261208 1.45499475405e-05 -4.49216685423e-14 1.29370570439e-17
19.9 0.012471489574 1.26693889736e-05 -4.32491129658e-14 4.27298203915e-17
20 0.0124408596803 1.06209370872e-05 -4.07515435864e-14 -6.12752127471e-17
20.1 0.0124104494185 8.46478996426e-06 -3.85008177112e-14 1.44995244549e-17
20.2 0.0123798926746 6.26717144557e-06 -3.69027858057e-14 -2.63361381558e-17
20.3 0.0123488524841 4.09788417018e-06 -3.98896884431e-14 4.45398050788e-18
20.4 0.0123170277169 2.02732917553e-06 -3.74397596771e-14 1.22312913937e-17
20.5 0.012284159426 1.2362963218e-07 -3.56061934518e-14 -2.07613940679e-17
20.6 0.0122500375126 -1.55001619804e-06 -3.55054371085e-14 5.05730446084e-18
20.7 0.0122145076502 -2.93786178587e-06 -3.30940347042e-14 -1.98185724001e-17
20.8 0.0121774775311 -3.99395374546e-06 -3.15523760819e-14 5.05429267534e-18
20.9 0.01213892131 -4.68400840612e-06 -3.29231523241e-14 2.92776531659e-17
21 0.0120988813583 -4.98664490862e-06 -3.42036626159e-14 -3.13259519586e-18
21.1 0.0120574671933 -4.89406521369e-06 -3.44516100568e-14 1.38789608259e-17
21.2 0.0120148520674 -4.41223381431e-06 -3.34922577798e-14 8.40840316659e-18
21.3 0.011971267514 -3.56056891639e-06 -3.48552496137e-14 -7.09680802743e-17
21.4 0.0119269955994 -2.37079235814e-06 -3.35832396157e-14 -4.11654674942e-17
21.5 0.0118823583899 -8.85491671592e-07 -3.33547003768e-14 -7.58655991406e-18
21.6 0.0118377045272 8.43301232613e-07 -3.29165954477e-14 3.77754699145e-17
21.7 0.0117933942909 2.7551786404e-06 -3.40169158819e-14 -2.45625444937e-17
21.8 0.0117497845509 4.78195728056e-06 -3.54946388487e-14 -1.1760279091e-17
21.9 0.0117072143222 6.8480957462e-06 -3.44226285625e-14 2.22655277555e-17
22 0.0116659904542 8.87152600711e-06 -3.33763171161e-14 -4.34413882947e-17
22.1 0.0116263724628 1.07655848576e-05 -3.58041887817e-14 -7.80647973443e-18
22.2 0.0115885561628 1.24424757672e-05 -3.7608981271e-14 5.50323448398e-18
22.3 0.0115526572554 1.38179508017e-05 -3.64423383709e-14 4.46356379944e-17
22.4 0.0115186974425 1.48163627025e-05 -3.48946930204e-14 1.50326715487e-17
22.5 0.0114865958752 1.53750288429e-05 -3.56083821874e-14 -1.58645709016e-17
22.6 0.011456167687 1.54472373775e-05 -3.51370693078e-14 -4.25604958497e-17
22.7 0.0114271301916 1.50039275582e-05 -3.44447112457e-14 1.12480361111e-17
22.8 0.0113991162831 1.40342639691e-05 -3.5850882724e-14 -6.28881948386e-18
22.9 0.0113716942133 1.25453925758e-05 -3.68608544122e-14 5.71004699653e-18
23 0.0113443926499 1.05615422067e-05 -3.34067029587e-14 -1.9485290054e-17
23.1 0.0113167295542 8.12254153715e-06 -3.87530233791e-14 2.50947167509e-17
23.2 0.0112882430388 5.28179458444e-06 -3.81263616603e-14 -2.7001855984e-18
23.3 0.0112585222007 2.10380922939e-06 -4.05455562136e-14 4.91342399137e-19
23.4 0.0112272358469 -1.33834709679e-06 -4.28488284467e-14 2.04479054632e-17
23.5 0.0111941571915 -4.96521882537e-06 -4.41229446752e-14 -2.38666290948e-17
23.6 0.0111591824773 -8.69253357178e-06 -4.75860832032e-14 2.27328633127e-17
23.7 0.011122341606 -1.24324800186e-05 -4.6504376844e-14 3.90557271649e-17
23.8 0.0110837996922 -1.6095315471e-05 -4.72437865783e-14 -2.38730217157e-18
23.9 0.0110438492047 -1.95918753293e-05 -4.65549297702e-14 2.10945713988e-18
24 0.0110028945592 -2.28366408816e-05 -4.71772874228e-14 -2.32990295376e-17
24.1 0.0109614289799 -2.5751198369e-05 -4.6936060385e-14 3.59383503134e-17
24.2 0.0109200057268 -2.82677364232e-05 -4.58922090579e-14 2.57812916653e-18
24.3 0.0108792050737 -3.03315818601e-05 -4.71333958999e-14 -2.17368767847e-17
24.4 0.0108395983394 -3.1903074565e-05 -4.49399415482e-14 2.132144582e-17
24.5 0.0108017125058 -3.29581140424e-05 -4.36686928258e-14 -3.32840201911e-17
24.6 0.0107659969938 -3.34880146165e-05 -4.15210195764e-14 1.9367739668e-17
24.7 0.010732795246 -3.34989193304e-05 -4.00287316904e-14 -1.26770786931e-18
24.8 0.0107023231998 -3.30107865177e-05 -4.0890242171e-14 4.04635344387e-17
24.9 0.0106746556847 -3.20561367214e-05 -4.07344100346e-14 1.15256951862e-18
25 0.0106497217677 -3.06784784013e-05 -4.0441051103e-14 -1.26376852322e-17
25.1 0.0106273095264 -2.89305506638e-05 -3.78117940022e-14 -3.26709719546e-17
25.2 0.0106070795957 -2.68724270695e-05 -3.88806674836e-14 -5.5963802488e-17
25.3 0.0105885858625 -2.45690154528e-05 -3.46980341731e-14 -1.15342724471e-17
25.4 0.010571300913 -2.20870111115e-05 -3.70890427415e-14 -1.58326859497e-17
25.5 0.0105546445602 -1.94917466511e-05 -3.65803629024e-14 2.50331215693e-17
25.6 0.0105380144494 -1.68449190388e-05 -3.72507335397e-14 -2.60595670109e-17
25.7 0.0105208179663 -1.42038434957e-05 -3.58693400231e-14 -2.80074613687e-17
25.8 0.0105025041096 -1.16221624351e-05 -4.06745742854e-14 4.00829517049e-17
25.9 0.0104825935383 -9.15093512058e-06 -4.51036838254e-14 -2.18235873433e-18
26 0.0104607048114 -6.83935413188e-06 -4.71784315559e-14 1.08253079471e-18
26.1 0.010436574948 -4.73459291854e-06 -4.60845913618e-14 4.65891093309e-17
26.2 0.0104100729903 -2.88073581458e-06 -4.63288990904e-14 -9.00759854103e-17
26.3 0.0103812051476 -1.31702913377e-06 -4.56915583342e-14 1.47776253293e-17
26.4 0.0103501121031 -7.57029859168e-08 -4.37703567389e-14 -2.00732619162e-17
26.5 0.0103170578096 8.2007960814e-07 -4.24115530022e-14 -1.37375707992e-17
26.6 0.0102824118328 1.35811187294e-06 -4.39646247497e-14 -2.839825855e-17
26.7 0.0102466265803 1.53861916239e-06 -4.45601595131e-14 3.242167863e-17
26.8 0.010210211361 1.37507778717e-06 -4.64059730654e-14 -1.88842964945e-18
26.9 0.0101737051036 8.94144539351e-07 -4.75268815747e-14 -1.10784082638e-17
27 0.010137649427 1.34605678424e-07 -4.69103982921e-14 -2.18187340154e-17
27.1 0.01010256339 -8.54541098594e-07 -4.81725205647e-14 1.0025496472e-17
27.2 0.0100689208658 -2.01648784335e-06 -4.77805322884e-14 -8.88123275511e-18
27.3 0.0100371311765 -3.28938778629e-06 -4.7760938396e-14 -9.75938356615e-19
27.4 0.0100075233506 -4.60945424368e-06 -4.8100038878e-14 2.01449484825e-17
27.5 0.00998033416084 -5.91444655811e-06 -4.80904583269e-14 -9.2987802987e-18
27.6 0.00995570005592 -7.14746769281e-06 -4.64957196626e-14 4.24014162666e-18
27.7 0.00993365313848 -8.26076503857e-06 -4.32597353952e-14 3.09499299801e-17
27.8 0.009914121274 -9.21891474801e-06 -4.148907668e-14 -4.9481686163e-17
27.9 0.00989693227294 -1.00007832017e-05 -3.94056866719e-14 1.68665179535e-17
28 0.00988182207191 -1.05996541754e-05 -3.7485902736e-14 -1.89306356888e-17
28.1 0.00986844670253 -1.10214336872e-05 -3.66214873115e-14 4.74336127434e-17
28.2 0.00985639764536 -1.12812956303e-05 -3.63337625554e-14 2.85192606297e-17
28.3 0.00984521985326 -1.13995885999e-05 -3.54727475344e-14 1.30411337691e-18
28.4 0.00983443157347 -1.13980550036e-05 -3.43189882772e-14 -2.94900230247e-17
28.5 0.00982354515482 -1.12971457516e-05 -3.69573749571e-14 -3.02299895741e-17
28.6 0.00981208779534 -1.11146264226e-05 -3.40168705704e-14 -8.21641268355e-18
28.7 0.00979962125255 -1.08650820061e-05 -3.50623169058e-14 3.34282323536e-17
28.8 0.00978575935925 -1.05597968271e-05 -3.93557667687e-14 -4.53060920784e-17
28.9 0.00977018279789 -1.02065572676e-05 -4.3684203402e-14 2.03583302728e-17
29 0.00975265104162 -9.80916762943e-06 -4.44230060808e-14 -1.98750387675e-17
29.1 0.00973301146155 -9.36688240859e-06 -4.54463669375e-14 3.877490909e-17
29.2 0.00971120535303 -8.87426107099e-06 -4.54951633803e-14 2.42535190255e-17
29.3 0.00968727041023 -8.32190200368e-06 -4.64236217842e-14 -1.51105500823e-17
29.4 0.00966133914119 -7.69812160473e-06 -4.47710781221e-14 -1.51918896099e-18
29.5 0.00963363288796 -6.99119045758e-06 -4.7451077066e-14 -1.40472564491e-17
29.6 0.00960445143517 -6.1914836286e-06 -4.92962002532e-14 -1.07637655779e-17
29.7 0.00957415872881 -5.29310746437e-06 -4.96209327557e-14 6.98232858775e-18
29.8 0.00954316550361 -4.29446378099e-06 -4.78794366771e-14 -6.65272778556e-18
29.9 0.00951190996 -3.19825451072e-06 -4.88176445533e-14 3.53697542753e-17
30 0.00948083743228 -2.01077812913e-06 -4.86001226628e-14 -1.55932438516e-17
30.1 0.00945037976759 -7.41078113448e-07 -4.51276301163e-14 7.9537882541e-18
30.2 0.00942093514475 5.996635327e-07 -4.74528989107e-14 -2.89361829478e-17
30.3 0.0093928490661 1.99821116104e-06 -4.72155880777e-14 2.91835119493e-17
30.4 0.00936639738321 3.43885935785e-06 -4.77438601612e-14 1.96756283024e-17
30.5 0.00934177250404 4.90285511467e-06 -4.75915868238e-14 2.45410237927e-17
30.6 0.0093190744754 6.36834500553e-06 -4.50033823102e-14 3.65476096953e-17
30.7 0.00929830758293 7.81130671862e-06 -4.01754114626e-14 -3.50882298841e-18
30.8 0.00927938311574 9.2059891991e-06 -4.06224769434e-14 -3.62066041584e-17
30.9 0.00926212811401 1.05263161872e-05 -4.23970996141e-14 3.85626286702e-19
31 0.00924629852485 1.17469142978e-05 -4.30379091882e-14 3.52226973258e-18
31.1 0.0092315963032 1.28444407547e-05 -4.27006026623e-14 -1.72561865342e-17
31.2 0.00921768882371 1.37986065206e-05 -3.93425958192e-14 -8.29511445983e-18
31.3 0.00920422986632 1.45933029999e-05 -3.88507131695e-14 2.24885102604e-17
31.4 0.00919088034724 1.52170263243e-05 -3.85113513022e-14 4.89816450712e-17
31.5 0.00917732730261 1.56623253071e-05 -3.91130432798e-14 3.13328139604e-17
31.6 0.0091633003611 1.59247268456e-05 -3.98493905292e-14 -9.11098576456e-18
31.7 0.00914858442969 1.60013724424e-05 -4.02384988644e-14 3.45340917286e-17
31.8 0.00913302823557 1.58899509898e-05 -4.11636724459e-14 3.41809500932e-18
31.9 0.00911654848771 1.55883462292e-05 -4.50599814995e-14 1.87019734926e-17
32 0.0090991296487 1.50950526614e-05 -4.80772381379e-14 -1.51909235147e-17
32.1 0.009080819482 1.44102795121e-05 -4.78748624824e-14 5.10824312947e-17
32.2 0.00906172133245 1.3537800997e-05 -5.05863249675e-14 2.67228640799e-17
32.3 0.00904198374763 1.24874098993e-05 -5.22290977193e-14 2.03725786608e-17
32.4 0.00902178851165 1.12770321776e-05 -5.27204270958e-14 -3.44263978834e-17
32.5 0.00900133754836 9.93356649393e-06 -5.32546589147e-14 -3.42751226188e-18
32.6 0.0089808393055 8.491932859e-06 -5.35844558271e-14 2.26710406838e-17
32.7 0.0089604953404 6.99201709444e-06 -5.57091527687e-14 -4.39587905579e-17
32.8 0.0089404879488 5.4749736676e-06 -5.66247859485e-14 -8.46663273881e-18
32.9 0.00892096991564 3.97990421951e-06 -5.23399343689e-14 3.2309286185e-17
33 0.00890205693343 2.5417535136e-06 -4.99717765591e-14 1.13963475655e-17
33.1 0.00888382317589 1.19040962075e-06 -4.70458390592e-14 -2.0703512921e-17
33.2 0.00886629998504 -4.94734835913e-08 -4.52113401661e-14 -7.98344825488e-18
33.3 0.00884947754999 -1.15837390534e-06 -4.54225606634e-14 -7.16636800743e-17
33.4 0.00883330918667 -2.12176872081e-06 -4.31515897707e-14 3.3531390552e-17
33.5 0.00881771773258 -2.92973336002e-06 -4.52115162329e-14 6.53933358267e-18
33.6 0.00880260310084 -3.57668289765e-06 -4.31369465248e-14 -7.53377501681e-19
33.7 0.00878785033896 -4.06127543544e-06 -4.37444881304e-14 -5.03526895081e-17
33.8 0.00877333742646 -4.38678718436e-06 -4.5585883973e-14 -1.03211556464e-17
33.9 0.0087589423857 -4.56180213671e-06 -4.40383996771e-14 3.31399268214e-17
34 0.00874454939135 -4.60101897492e-06 -4.45866348684e-14 -2.92321593136e-17
34.1 0.00873005394163 -4.52583401685e-06 -4.48790832573e-14 -8.52411703106e-18
34.2 0.00871536692471 -4.36419869677e-06 -4.3858766311e-14 -1.17916604821e-18
34.3 0.00870041733227 -4.14942905558e-06 -4.24583412592e-14 -1.95467001089e-17
34.4 0.00868515333683 -3.91797545271e-06 -4.14398642056e-14 -5.05790141193e-17
34.5 0.00866954186526 -3.70672706931e-06 -4.38650832402e-14 4.90626801172e-18
34.6 0.00865356698601 -3.55060403704e-06 -4.34751071967e-14 6.36437800298e-17
34.7 0.00863722792256 -3.48118577992e-06 -4.35828367517e-14 -4.91430860035e-17
34.8 0.00862053727942 -3.52642635124e-06 -4.43407416351e-14 -3.13910240633e-17
34.9 0.00860351967761 -3.71106177827e-06 -4.53105587752e-14 3.26749612078e-18
35 0.00858621058011 -4.05700859715e-06 -4.59807791128e-14 -1.68777466045e-17
35.1 0.00856865494603 -4.58347767038e-06 -4.64427591473e-14 2.62269473049e-17
35.2 0.00855090546597 -5.30655086762e-06 -4.74125414892e-14 1.60150708592e-17
35.3 0.00853302014095 -6.23838800936e-06 -4.85230957695e-14 -1.74813429228e-17
35.4 0.00851505962287 -7.38611804306e-06 -4.98145619044e-14 -6.66162581817e-17
35.5 0.00849708459594 -8.75094423621e-06 -5.07767726689e-14 -1.62051167989e-17
35.6 0.00847915348717 -1.03272724568e-05 -4.99915552935e-14 2.01354692553e-19
35.7 0.00846132076178 -1.21023293056e-05 -4.7410338099e-14 3.73760871747e-17
35.8 0.00844363585649 -1.40561818098e-05 -4.59829557389e-14 -3.80015078667e-17
35.9 0.00842614280348 -1.61621357327e-05 -4.89887712436e-14 -2.33790707938e-17
36 0.00840888032619 -1.83874324134e-05 -4.76998366942e-14 -4.61258665312e-17
36.1 0.00839188234112 -2.06939134345e-05 -4.75739967213e-14 4.20886713703e-17
36.2 0.0083751782973 -2.30389808812e-05 -4.90732239064e-14 2.33509996636e-18
36.3 0.00835879329499 -2.53764607436e-05 -4.69531505067e-14 1.98729777308e-17
36.4 0.00834274788186 -2.76574657048e-05 -4.96110043772e-14 6.34417643102e-18
36.5 0.00832705765957 -2.98313560309e-05 -4.87188168795e-14 -2.78241253534e-17
36.6 0.00831173274771 -3.18469588866e-05 -5.01043879172e-14 5.60396511949e-19
36.7 0.00829677733504 -3.36540315539e-05 -4.77245272e-14 3.77641934875e-17
36.8 0.00828218930663 -3.52048133358e-05 -4.68571716309e-14 -2.47998093031e-17
36.9 0.00826796007256 -3.64555276148e-05 -4.73633223839e-14 -2.92572143301e-17
37 0.00825407474032 -3.73679623521e-05 -4.92351330986e-14 -2.52605356775e-17
37.1 0.00824051282046 -3.79113651748e-05 -4.39938263796e-14 2.71883137898e-18
37.2 0.00822724953017 -3.80646053145e-05 -4.30401108826e-14 -2.30292431299e-17
37.3 0.00821425757347 -3.78181764188e-05 -4.45488589491e-14 1.7429656329e-17
37.4 0.00820150895458 -3.71754194789e-05 -4.40508754629e-14 6.15811077816e-17
37.5 0.00818897633834 -3.6153049557e-05 -4.58806371594e-14 6.35197261799e-18
37.6 0.00817663389002 -3.47804300957e-05 -4.6917355891e-14 -2.81606482372e-17
37.7 0.00816445698183 -3.30986801433e-05 -4.7324584357e-14 -1.06208458045e-17
37.8 0.00815242146481 -3.11592857897e-05 -4.77573923517e-14 -1.77417461458e-18
37.9 0.00814050259101 -2.90221727809e-05 -4.66769495918e-14 -7.05887844239e-18
38 0.00812867418048 -2.67533668388e-05 -4.60696672742e-14 2.00603030363e-17
38.1 0.00811690829644 -2.44223636237e-05 -4.83419672954e-14 -5.33474510124e-18
38.2 0.00810517553057 -2.2099394534e-05 -4.73018676234e-14 1.85600901688e-17
38.3 0.00809344579781 -1.98527064901e-05 -4.84074682097e-14 -3.30004268905e-17
38.4 0.00808168936622 -1.77462609152e-05 -5.06661379726e-14 1.84135397429e-17
38.5 0.00806987788181 -1.58376240971e-05 -5.12770206712e-14 2.85506001256e-18
38.6 0.0080579850175 -1.41764003726e-05 -5.06521651738e-14 2.38767643722e-17
38.7 0.00804598674787 -1.28028455052e-05 -4.99681479502e-14 1.37852085263e-17
38.8 0.0080338614682 -1.17464224232e-05 -5.05930018815e-14 -3.68524413087e-17
38.9 0.0080215898641 -1.10243060483e-05 -4.89926599003e-14 -3.9358748081e-17
39 0.00800915481404 -1.06397449685e-05 -4.91342041608e-14 -1.33890614816e-17
39.1 0.00799654150118 -1.05809498909e-05 -4.80353075284e-14 1.93143506487e-17
39.2 0.00798373779262 -1.08207128456e-05 -4.85596941821e-14 1.70472706876e-17
39.3 0.00797073507396 -1.13171792867e-05 -4.90836623409e-14 -4.76793512196e-18
39.4 0.00795752924761 -1.20156932736e-05 -4.92047042923e-14 2.22446721158e-17
39.5 0.0079441219083 -1.28518278586e-05 -4.83965515833e-14 -2.83766439523e-17
39.6 0.00793052123377 -1.37549517791e-05 -4.82364800587e-14 -4.08668196489e-18
39.7 0.00791674255044 -1.46521832029e-05 -4.81935831239e-14 -7.77609661117e-18
39.8 0.007902808746 -1.54722116499e-05 -4.96654310132e-14 -4.00197153573e-17
39.9 0.00788875050354 -1.61488833342e-05 -4.87592502401e-14 1.93323110662e-17
40 0.00787460592924 -1.66245303483e-05 -4.80920176877e-14 -9.38386081372e-18
40.1 0.00786041954559 -1.68525763352e-05 -4.88692988776e-14 2.10973448956e-17
40.2 0.00784623990032 -1.67995637672e-05 -4.94699683933e-14 -8.73428960469e-18
40.3 0.00783211630044 -1.64461154758e-05 -4.85707302018e-14 -1.16934014937e-17
40.4 0.00781809512368 -1.57870962763e-05 -4.80689052185e-14 3.10136698571e-17
40.5 0.00780421650028 -1.48311148885e-05 -4.95710502573e-14 2.46911787445e-17
40.6 0.00779051208001 -1.35995447124e-05 -4.96442746411e-14 -2.32143633593e-17
40.7 0.00777700400359 -1.21250956191e-05 -4.96187016822e-14 -2.7663952103e-17
40.8 0.00776370486904 -1.0449950257e-05 -4.51996550947e-14 2.27581969295e-17
40.9 0.00775061842483 -8.62323635269e-06 -4.17448816289e-14 -3.40844117214e-17
41 0.00773774075283 -6.6983073729e-06 -4.32751652323e-14 3.76451337372e-17
41.1 0.00772506150571 -4.72992205133e-06 -4.33152946147e-14 2.34093794088e-17
41.2 0.00771256534974 -2.77162583592e-06 -4.51456551096e-14 1.36177536566e-17
41.3 0.00770023367916 -8.73745866155e-07 -4.41435752395e-14 5.22144759447e-17
41.4 0.00768804669209 9.17923765609e-07 -4.24214805815e-14 -5.52913391523e-18
41.5 0.00767598571713 2.56284622221e-06 -4.48685817965e-14 4.69141991235e-17
41.6 0.0076640353765 4.02589897362e-06 -4.50512139978e-14 7.15600916941e-18
41.7 0.00765218495656 5.27776343316e-06 -4.33357725383e-14 1.82059759451e-17
41.8 0.00764042888856 6.2951653652e-06 -4.22286800134e-14 -6.24313422735e-17
41.9 0.00762876585049 7.06155081103e-06 -4.3986481294e-14 -1.61251965872e-17
42 0.00761719700319 7.56775500166e-06 -4.2174758243e-14 -2.63089800859e-18
42.1 0.00760572379962 7.8124605505e-06 -4.210558357e-14 -6.41093652068e-18
42.2 0.00759434588585 7.80226918178e-06 -4.35790852991e-14 -9.5853772104e-19
42.3 0.00758305949848 7.55140250778e-06 -4.45519478461e-14 3.45761253075e-17
42.4 0.00757185668551 7.0813662009e-06 -4.7545106719e-14 2.52963830875e-17
42.5 0.00756072487239 6.42050027644e-06 -4.7497243077e-14 7.41106410744e-18
42.6 0.00754964685588 5.60330804923e-06 -4.5820338667e-14 -2.08065924871e-18
42.7 0.00753860099728 4.66922149608e-06 -4.61123902006e-14 7.24229082814e-18
43.5 0.00744796502504 -2.19620560407e-06 -5.90340948314e-14 -2.73982584074e-17
43.6 0.00743596752549 -2.53360704301e-06 -5.95204066222e-14 4.63819856373e-18
43.7 0.00742378417957 -2.71835595118e-06 -6.09256076043e-14 8.5308296438e-18
43.8 0.00741142695911 -2.76179749944e-06 -6.07019150854e-14 9.61278914873e-18
43.9 0.00739891717173 -2.68237042224e-06 -6.45384716451e-14 5.82504506149e-17
44 0.00738628475744 -2.5044217622e-06 -6.01654071635e-14 2.20968404906e-17
44.1 0.0073735670948 -2.25711294939e-06 -6.10226320454e-14 1.06072347802e-18
44.2 0.00736080799667 -1.97340719861e-06 -6.34754798892e-14 4.88598130206e-17
44.3 0.00734805622888 -1.68903771534e-06 -6.53142137744e-14 -1.44340392148e-17
44.4 0.00733536401941 -1.44106271047e-06 -6.63172545815e-14 -5.81976138329e-17
44.5 0.00732278512399 -1.26602684268e-06 -6.53379747783e-14 -1.32010436386e-17
44.6 0.00731037290646 -1.19759872939e-06 -6.46777797516e-14 1.85769212523e-17
44.7 0.00729817842909 -1.26404143708e-06 -6.39896394388e-14 -1.12908714323e-17
44.8 0.00728624896247 -1.48593618394e-06 -6.4525676253e-14 1.80504160361e-17
44.9 0.00727462652034 -1.87472869931e-06 -6.14285408072e-14 4.44426575893e-18
45 0.00726334668925 -2.43214723516e-06 -5.96547157152e-14 9.04867265047e-18
45.1 0.00725243727133 -3.15059828817e-06 -5.83503796294e-14 -2.09255345452e-17
45.2 0.00724191712374 -4.01403030021e-06 -5.70143007451e-14 -1.39078570644e-17
45.3 0.00723179542759 -4.99905979212e-06 -5.95188342539e-14 -2.55329140137e-17
45.4 0.00722207151225 -6.0762183081e-06 -5.8621815586e-14 4.26447093903e-17
45.5 0.00721273533256 -7.21129086825e-06 -6.18901453363e-14 -2.75039567869e-17
45.6 0.0072037683158 -8.36675825473e-06 -6.46149630732e-14 5.07137799586e-17
45.7 0.00719514426233 -9.50332413698e-06 -6.7534501572e-14 -1.46180588287e-17
45.8 0.00718683021962 -1.05815688489e-05 -6.78981678387e-14 1.62330770692e-17
45.9 0.00717878696487 -1.15637930088e-05 -6.80388234431e-14 1.91422452274e-17
46 0.00717096927622 -1.24159565845e-05 -6.69431151628e-14 2.27978959121e-18
46.1 0.00716332619901 -1.31093918084e-05 -6.44789824563e-14 8.93945254957e-18
46.2 0.00715580134551 -1.36221668428e-05 -6.70789539521e-14 1.52985166258e-17
46.3 0.00714833364179 -1.3939867635e-05 -6.41528694629e-14 -3.17804387813e-17
46.4 0.00714085854187 -1.40557854228e-05 -6.54132507991e-14 -4.63710738844e-17
46.5 0.00713330974674 -1.39705590206e-05 -6.52090818654e-14 -7.14019637125e-17
46.6 0.00712562127355 -1.36912490017e-05 -6.20132000727e-14 1.17195445499e-18
46.7 0.00711772962853 -1.32300234371e-05 -5.9966547717e-14 -1.22614545575e-17
46.8 0.00710957591968 -1.2602599291e-05 -5.89189015794e-14 7.17850320882e-18
46.9 0.0071011077385 -1.18267134131e-05 -5.64228757998e-14 -5.95776120703e-17
47 0.00709228118477 -1.09208707262e-05 -5.43250292908e-14 -5.57577759601e-18
47.1 0.00708306293398 -9.90344127978e-06 -5.72575531704e-14 2.72527498931e-17
47.2 0.00707343222957 -8.79222164514e-06 -5.87933024578e-14 1.47309121136e-18
47.3 0.00706338256947 -7.60437877814e-06 -6.13791691418e-14 1.61490969371e-17
47.4 0.00705292275429 -6.35675060042e-06 -6.2288976041e-14 4.19521991582e-17
47.5 0.00704207715026 -5.06636288612e-06 -6.24673850029e-14 -5.54521438908e-17
47.6 0.00703088520166 -3.75092540341e-06 -6.19684010056e-14 1.07227790905e-17
47.7 0.0070194001587 -2.42927698244e-06 -6.6930597376e-14 2.10720385715e-17
47.8 0.00700768730131 -1.12149230453e-06 -6.64193206194e-14 2.44668591498e-17
47.9 0.00699582176651 1.5140112217e-07 -7.13060072939e-14 -2.21871181555e-18
48 0.00698388612663 1.36808051029e-06 -7.21210171767e-14 -3.19465879336e-17
48.1 0.00697196779444 2.50766877181e-06 -7.22124052952e-14 4.01620316268e-17
48.2 0.00696015619751 3.55032032944e-06 -7.1306433804e-14 -3.54891005764e-18
48.3 0.00694853966009 4.47759711602e-06 -7.06149278675e-14 -1.4066042742e-17
48.4 0.0069372020824 5.27275770033e-06 -7.41335347884e-14 -1.27234871454e-17
48.5 0.00692621945573 5.9211374936e-06 -7.39261550754e-14 -7.15470698036e-18
48.6 0.00691565634071 6.41073846914e-06 -7.19870940593e-14 1.71235516811e-17
48.7 0.00690556252981 6.73304620431e-06 -7.36348165118e-14 2.30499270914e-17
48.8 0.0068959702607 6.88395714501e-06 -7.09399491208e-14 -2.81007398883e-18
48.9 0.00688689221905 6.86457292155e-06 -7.19696148918e-14 1.73690069813e-17
49 0.0068783206469 6.68165093588e-06 -7.16026027163e-14 1.22152904347e-17
49.1 0.00687022757249 6.34751182596e-06 -7.10594442207e-14 2.03723558562e-17
49.2 0.00686256608779 5.87943732419e-06 -7.23254601832e-14 2.66558135565e-18
49.3 0.00685527234609 5.29867423121e-06 -7.37350760942e-14 -1.13276147952e-17
49.4 0.00684826817108 4.62938235888e-06 -7.4452213746e-14 -2.93846933575e-17
49.5 0.00684146444772 3.89770121955e-06 -7.52033694235e-14 -2.04756186024e-17
49.6 0.00683476526284 3.13100301869e-06 -7.58186379122e-14 2.62827373158e-17
49.7 0.00682807275452 2.3573329296e-06 -7.60096487954e-14 -2.3633693472e-17
49.8 0.00682129231266 1.6048597552e-06 -7.26266880051e-14 2.62676646375e-17
49.9 0.00681433762806 9.01268375809e-07 -7.2801657782e-14 -3.95914862809e-17
50 0.00680713494751 2.73002236984e-07 -7.2424038194e-14 2.50699832107e-19
50.1 0.00679962630694 -2.55547234983e-07 -7.54193395263e-14 -9.32755948916e-18
50.2 0.00679177177959 -6.62973785888e-07 -7.22748605992e-14 -5.9794404942e-18
50.3 0.0067835505009 -9.31484838114e-07 -7.43598016975e-14 -2.01849436128e-17
50.4 0.00677496096257 -1.04765317932e-06 -7.52893499889e-14 1.7064781119e-17
50.5 0.006766020499 -1.00301812618e-06 -7.3441118751e-14 -1.4834276603e-18
50.6 0.00675676382312 -7.94610099269e-07 -7.60846273847e-14 4.29191342101e-17
50.7 0.00674724089244 -4.25353944238e-07 -7.43917005737e-14 3.21081491285e-17
50.8 0.0067375138016 9.58059119507e-08 -7.82784512005e-14 -7.45054812646e-18
50.9 0.00672765297288 7.5418435147e-07 -7.91091207699e-14 -1.068417788e-17
51 0.00671773290446 1.52990458495e-06 -8.05113427993e-14 6.9317693976e-19
51.1 0.00670782761316 2.39897149807e-06 -7.9659140984e-14 -2.00270683347e-17
51.2 0.00669800655324 3.33448243761e-06 -7.98125666971e-14 -2.63762453278e-17
51.3 0.00668833091271 4.30807640055e-06 -8.07768801108e-14 2.11188272157e-17
51.4 0.00667885072826 5.29136994042e-06 -7.76304513966e-14 2.70648070133e-17
51.5 0.00666960299873 6.25721822912e-06 -7.92101516232e-14 -3.64036562771e-18
51.6 0.0066606110723 7.18056130302e-06 -8.16507461801e-14 3.99497894894e-17
51.7 0.00665188503739 8.03873915329e-06 -7.9255416661e-14 1.51007644179e-17
51.8 0.00664342289429 8.81151758038e-06 -7.94231757747e-14 -1.48821372733e-19
51.9 0.00663521227699 9.48080046976e-06 -8.25137657179e-14 -1.00831637498e-17
52 0.00662723234462 1.00304106119e-05 -8.22516336145e-14 -2.01076324176e-17
52.1 0.0066194557526 1.04459978597e-05 -8.3547819687e-14 5.58564213844e-18
52.2 0.00661185067659 1.07154544507e-05 -8.59795483583e-14 3.92277666938e-17
52.3 0.00660438284066 1.08295383179e-05 -8.62936804621e-14 2.59751777088e-17
52.4 0.00659701767803 1.07826802555e-05 -8.37118109996e-14 -3.88467176725e-19
52.5 0.00658972247082 1.05738418509e-05 -8.5041638941e-14 6.41127675045e-18
52.6 0.00658246842938 1.02069873542e-05 -8.30767633063e-14 6.58328730447e-18
52.7 0.00657523224491 9.69118581593e-06 -8.08899908384e-14 -3.81700227203e-17
52.8 0.00656799714879 9.04032528138e-06 -8.06076556186e-14 -3.84058701109e-17
52.9 0.00656075325097 8.27244600637e-06 -8.40533406512e-14 6.20996290963e-18
53 0.00655349709488 7.40894641882e-06 -8.13837496873e-14 7.13985817848e-17
53.1 0.00654623071612 6.47385773948e-06 -7.45331035136e-14 -6.05776457205e-18
53.2 0.0065389600259 5.4929750096e-06 -7.32008730277e-14 2.31988890849e-17
53.3 0.00653169300779 4.49315177358e-06 -7.17883265883e-14 1.08218955938e-17
53.4 0.00652443767318 3.50135601338e-06 -6.94467911275e-14 -1.2494516831e-17
53.5 0.0065171999479 2.54389748039e-06 -7.10475682014e-14 -2.79427028965e-17
53.6 0.0065099816826 1.64562048601e-06 -6.89408702677e-14 7.02856193695e-18
53.7 0.0065027789907 8.29169938118e-07 -6.88013939779e-14 -9.07948181959e-19
53.8 0.0064955810771 1.14594226349e-07 -6.81191948705e-14 3.01986734084e-17
53.9 0.00648836962311 -4.80829154561e-07 -6.46393008035e-14 -4.16004647978e-17
54 0.00648111879514 -9.42748916399e-07 -6.60450402595e-14 -3.74808075621e-17
54.1 0.00647379613268 -1.25979544924e-06 -6.71932544489e-14 1.24058099821e-17
54.2 0.00646636428196 -1.4239520418e-06 -6.84279613729e-14 -2.80702061704e-17
54.3 0.00645878351723 -1.43086472641e-06 -6.99069466465e-14 -1.07116564064e-17
54.4 0.00645101482173 -1.28017604604e-06 -6.96192634712e-14 2.34019685427e-17
54.5 0.00644302318216 -9.75658619204e-07 -7.04753477398e-14 -2.39201028979e-17
54.6 0.00643478065482 -5.25284272825e-07 -7.20145164384e-14 -1.76091863169e-18
54.7 0.0064262690273 5.87483418678e-08 -7.26306425993e-14 5.46004386139e-18
54.8 0.00641748172565 7.60079513709e-07 -7.46718236628e-14 2.11910768927e-17
54.9 0.00640842526188 1.55842939397e-06 -7.15995715114e-14 4.9641401506e-17
55 0.00639911965805 2.43013361042e-06 -7.035780271e-14 2.21781812962e-17
55.1 0.00638959844703 3.34908748452e-06 -6.91451765701e-14 1.95243608979e-17
55.2 0.00637990777013 4.28795251738e-06 -6.94274120013e-14 2.76049605029e-17
55.3 0.00637010484476 5.21946657708e-06 -7.26048877172e-14 -2.00408400647e-17
55.4 0.00636025573074 6.11772614776e-06 -7.28859384355e-14 -2.66547024462e-17
55.5 0.00635043282112 6.95932743473e-06 -7.6019060148e-14 1.1315188888e-17
55.6 0.00634071191871 7.72428484554e-06 -7.72933923519e-14 3.45472727309e-17
55.7 0.00633116917953 8.39664313367e-06 -7.8320900208e-14 3.63451712991e-17
55.8 0.00632187797796 8.96473338429e-06 -8.06332702953e-14 2.75334676961e-18
55.9 0.00631290575785 9.42116302022e-06 -8.12007688803e-14 -4.94916545181e-17
56 0.00630431115931 9.76260126218e-06 -8.32791138423e-14 3.77578700539e-17
56.1 0.00629614152162 9.9893864115e-06 -8.60453145085e-14 3.23990714452e-17
56.2 0.00628843123698 1.01050992986e-05 -8.54339264912e-14 -4.86314702263e-17
56.3 0.00628120083031 1.01160876444e-05 -8.47986777856e-14 5.95720257061e-18
56.4 0.00627445667157 1.00310112674e-05 -8.47296383535e-14 -8.48383567793e-18
56.5 0.00626819101057 9.86041686914e-06 -8.34179882288e-14 3.55928703843e-18
56.6 0.00626238214696 9.61636572251e-06 -8.44811570926e-14 -5.33013299552e-17
56.7 0.00625699464976 9.31200609444e-06 -8.64326784629e-14 2.56486622241e-17
56.8 0.00625197985335 8.9610683664e-06 -8.61173035525e-14 -1.80831343381e-17
56.9 0.00624727673558 8.57725784921e-06 -8.50263368227e-14 -5.22598946747e-17
57 0.00624281323783 8.17357090489e-06 -8.71740847142e-14 1.06222613432e-17
57.1 0.00623850821981 7.76161148159e-06 -8.57999426096e-14 -8.03173184232e-18
57.2 0.00623427374466 7.35097398271e-06 -8.78624170987e-14 3.52065472597e-17
57.3 0.00623001797043 6.94875767624e-06 -8.69901989701e-14 -8.82089275241e-18
57.4 0.00622564838499 6.55924232673e-06 -8.51483812936e-14 1.7672814704e-17
57.5 0.00622107539434 6.18379530469e-06 -8.42777425357e-14 1.57199637004e-17
57.6 0.00621621589909 5.82096726113e-06 -8.34149395041e-14 6.60233727399e-18
57.7 0.00621099672558 5.46683681445e-06 -8.53496632119e-14 3.59801050619e-17
57.8 0.0062053575982 5.11560799008e-06 -8.25450409024e-14 3.81812177828e-17
57.9 0.0061992536154 4.76046517334e-06 -8.36674463255e-14 -5.38343039306e-18
58 0.00619265720319 4.39457491008e-06 -8.33002067143e-14 2.79260873195e-17
58.1 0.00618555954414 4.01203601893e-06 -7.9177117129e-14 -9.87466046866e-18
58.2 0.00617797159363 3.60862289732e-06 -7.89743945996e-14 7.40399440159e-18
58.3 0.00616992441505 3.18214428454e-06 -7.73903988317e-14 2.30821490851e-17
58.4 0.00616146873974 2.73249474492e-06 -7.60141654093e-14 -7.99699058746e-17
58.5 0.00615267348853 2.26139455375e-06 -7.70726327158e-14 -2.97912538695e-17
58.6 0.00614362328476 1.77199366889e-06 -7.53256720655e-14 -1.87848250343e-18
58.7 0.00613441496286 1.26840540387e-06 -7.69643646403e-14 -3.03380334893e-17
58.8 0.00612515333551 7.55255396561e-07 -7.79542299601e-14 3.55045837432e-17
58.9 0.0061159463736 2.37266170709e-07 -8.0112479304e-14 5.09196801026e-17
59 0.00610690023076 -2.81020065702e-07 -8.08482056337e-14 1.20272830348e-17
59.1 0.00609811417492 -7.954373422e-07 -8.24356940047e-14 4.01936721126e-17
59.2 0.00608967567091 -1.30226207336e-06 -8.18066868153e-14 1.05715928084e-17
59.3 0.00608165588664 -1.79819737484e-06 -7.98145860982e-14 5.26568751943e-17
59.4 0.00607410582648 -2.28031020131e-06 -7.92391768608e-14 5.76777556336e-17
59.5 0.00606705336877 -2.74595179477e-06 -7.4923878622e-14 4.21330731594e-18
59.6 0.00606050158994 -3.19279248873e-06 -7.51186672154e-14 1.27937775418e-17
59.7 0.00605442855898 -3.61889481404e-06 -7.18679405154e-14 -7.84254901878e-18
59.8 0.00604878860652 -4.02281669476e-06 -7.05850946841e-14 -6.00156592124e-18
59.9 0.00604351498639 -4.40366000863e-06 -7.13919506419e-14 2.12640408402e-17
60 0.00603852368803 -4.76106701489e-06 -7.2329955924e-14 9.55087385276e-18
60.1 0.00603371810371 -5.09508509713e-06 -7.39873018315e-14 3.46680386189e-17
60.2 0.00602899439492 -5.40593979904e-06 -6.9111222917e-14 2.36526605167e-17
60.3 0.0060242472385 -5.69370560585e-06 -6.78949018804e-14 1.7429985909e-17
60.4 0.00601937561844 -5.95799578457e-06 -6.99906421707e-14 5.42263015142e-17
60.5 0.0060142883326 -6.19769510118e-06 -7.11834652692e-14 4.7222020637e-18
60.6 0.00600890890802 -6.41088004116e-06 -7.51635120216e-14 6.33822181312e-18
60.7 0.00600317965316 -6.59488305064e-06 -7.83703479112e-14 5.44369546378e-18
60.8 0.00599706465209 -6.74651205137e-06 -8.13394874894e-14 2.09990469135e-18
60.9 0.00599055155336 -6.8623653474e-06 -8.30942804152e-14 6.867053268e-18
61 0.00598365202348 -6.9392363835e-06 -8.5060436255e-14 -1.50150651978e-17
61.1 0.00597640077744 -6.97461972738e-06 -8.52348068116e-14 -2.14141253178e-17
61.2 0.00596885316794 -6.96725442587e-06 -8.3452673889e-14 1.61926734322e-17
61.3 0.00596108139555 -6.91763476619e-06 -8.55734811106e-14 -2.20586570065e-18
61.4 0.00595316968106 -6.82831413236e-06 -8.39668637573e-14 -2.10807243816e-17
61.5 0.0059452087454 -6.70391737106e-06 -8.66556715001e-14 1.28895816003e-17
61.6 0.00593729007926 -6.55082889585e-06 -8.71972277423e-14 -2.44388857628e-17
61.7 0.00592950037111 -6.37666000319e-06 -8.63538114437e-14 -1.20288339985e-17
61.8 0.00592191652805 -6.18969750483e-06 -8.38816618315e-14 -2.68902983739e-17
61.9 0.00591460154368 -5.99846843831e-06 -8.54337798669e-14 -2.74456608198e-17
62 0.00590760150796 -5.81141752393e-06 -8.3044000427e-14 5.68703545639e-17
62.1 0.00590094390003 -5.63665702004e-06 -8.2596221128e-14 -4.54488233363e-17
62.2 0.00589463711604 -5.48168908874e-06 -8.26728493897e-14 4.09100369929e-17
62.3 0.0058886711726 -5.35303059351e-06 -8.10081269167e-14 -1.94924449612e-17
62.4 0.00588301938286 -5.2558336076e-06 -7.98173986117e-14 6.8741058099e-17
62.5 0.00587764082311 -5.19360846247e-06 -7.87763053555e-14 -2.81987922239e-17
62.6 0.00587248339605 -5.16811085937e-06 -7.92922663846e-14 -3.61585395006e-17
62.7 0.00586748727729 -5.17938444921e-06 -7.88648283999e-14 2.74871753604e-17
62.8 0.0058625885792 -5.22590644464e-06 -7.9918634858e-14 -1.47528456349e-17
62.9 0.00585772301015 -5.30478628629e-06 -7.86071526493e-14 -1.77730706486e-17
63 0.00585282931877 -5.41198400205e-06 -8.03151766211e-14 -3.1769760707e-17
63.1 0.00584785239033 -5.54253935528e-06 -8.17646306171e-14 -1.27404475533e-17
63.2 0.00584274574602 -5.69077721926e-06 -8.19392615933e-14 -1.07689552075e-17
63.3 0.00583747347957 -5.85052418233e-06 -8.13854174937e-14 9.90980902727e-18
63.4 0.00583201151685 -6.01536405514e-06 -7.9923901378e-14 -1.51737002413e-17
63.5 0.00582634830882 -6.17874026322e-06 -7.45223644579e-14 2.35812649065e-20
63.6 0.00582048479325 -6.33407689313e-06 -7.63367207563e-14 6.33971901003e-18
63.7 0.00581443370792 -6.47471947788e-06 -7.7671582584e-14 2.11852299666e-17
63.8 0.00580821820322 -6.59382332418e-06 -7.77203217994e-14 -4.35089458335e-17
63.9 0.00580186988432 -6.68427744667e-06 -8.34208634146e-14 -4.78514389088e-18
64 0.00579542640724 -6.73877312992e-06 -8.31109529817e-14 -1.45206593456e-17
64.1 0.00578892884495 -6.75005405029e-06 -8.19989578152e-14 2.5644915096e-19
64.2 0.00578241904557 -6.71140417931e-06 -8.43691101254e-14 8.28736373885e-18
64.3 0.00577593717 -6.6170689795e-06 -8.856467673e-14 1.78342257657e-17
64.4 0.0057695195501 -6.46274964327e-06 -8.92096399538e-14 -8.60630340725e-17
64.5 0.00576319696211 -6.24589207945e-06 -9.08411720281e-14 2.80043286794e-17
64.6 0.00575699336238 -5.9658098305e-06 -9.15588983037e-14 -1.48836063461e-17
64.7 0.00575092507624 -5.62363294045e-06 -8.97040891321e-14 -1.49311196005e-17
64.8 0.0057450003933 -5.22216974675e-06 -8.99697623428e-14 6.61962369445e-17
64.9 0.00573921961259 -4.76570079427e-06 -9.19547741716e-14 -1.11177838892e-17
65 0.00573357553953 -4.25977948553e-06 -8.99241789438e-14 2.3217748803e-17
65.1 0.00572805444282 -3.71096699264e-06 -9.10085604027e-14 -4.00227038062e-18
65.2 0.00572263738568 -3.12671497411e-06 -9.01010104652e-14 -1.42180204293e-17
65.3 0.00571730178306 -2.51518475775e-06 -9.04274422856e-14 8.99597959116e-18
65.4 0.00571202303117 -1.88516800512e-06 -9.19731130503e-14 8.03815738134e-18
65.5 0.00570677605012 -1.24604282019e-06 -9.23539819114e-14 -3.6760568168e-17
65.6 0.0057015367021 -6.07731164589e-07 -8.93386521592e-14 -1.77092619362e-17
65.7 0.00569628303575 1.93898133379e-08 -8.86235408182e-14 3.17444787588e-18
65.8 0.00569099644287 6.24575355434e-07 -8.98241991386e-14 -3.36489628576e-17
65.9 0.00568566263637 1.19700555627e-06 -9.27265012114e-14 -3.40429539465e-17
66 0.00568027241298 1.72617007974e-06 -9.07352717918e-14 -1.32956842677e-17
66.1 0.00567482216847 2.20233230874e-06 -8.98322729574e-14 -3.24179956834e-17
66.2 0.00566931410135 2.61715111767e-06 -9.03291460527e-14 -4.20700204902e-17
66.3 0.00566375607783 2.9641288722e-06 -9.10216831733e-14 -8.8317743134e-18
66.4 0.00565816111442 3.23907344055e-06 -9.0071052796e-14 4.99836094343e-17
66.5 0.00565254649193 3.44039870124e-06 -9.19004023162e-14 3.29887072927e-17
66.6 0.0056469325236 3.56930112474e-06 -9.23447619777e-14 -2.21067989182e-17
66.7 0.00564134101921 3.62980909819e-06 -9.59413885049e-14 -2.01237624397e-17
66.8 0.00563579366181 3.62863601941e-06 -9.70643288756e-14 -4.00696545778e-17
66.9 0.00563031025486 3.57490905774e-06 -9.60527735823e-14 -2.94775241156e-17
67 0.00562490704524 3.47975422023e-06 -9.66206550792e-14 4.47887199727e-18
67.1 0.00561959524125 3.35577220281e-06 -9.61346669751e-14 1.05257144765e-17
67.2 0.00561437969765 3.21641395799e-06 -9.44404550459e-14 -9.69206862028e-18
67.3 0.00560925792993 3.07530582251e-06 -9.48474836295e-14 2.5773008977e-17
67.4 0.00560421955783 2.94553100885e-06 -9.1246687854e-14 5.49502929999e-17
67.5 0.00559924633835 2.83897870009e-06 -8.53801225402e-14 3.65289973012e-17
67.6 0.00559431281263 2.7657500657e-06 -8.32729078651e-14 -2.43540368843e-17
67.7 0.0055893875968 2.73370379908e-06 -8.46388774501e-14 6.47352870902e-17
67.8 0.005584435159 2.74807502711e-06 -8.62288115229e-14 -2.49720334462e-17
67.9 0.00557941789698 2.81120842769e-06 -8.62582768345e-14 2.43000517688e-17
68 0.00557429839548 2.92237479506e-06 -8.77857868257e-14 -1.05977056596e-17
68.1 0.00556904162246 3.07778466681e-06 -8.8611549535e-14 1.37108395998e-17
68.2 0.00556361715975 3.27072411794e-06 -8.86017230396e-14 1.11263270106e-17
68.3 0.00555800118633 3.49203073632e-06 -9.01063603388e-14 -2.97420465493e-17
68.4 0.00555217835025 3.73067181677e-06 -9.20351564074e-14 1.63428058863e-17
68.5 0.00554614326909 3.97454733002e-06 -9.19073864371e-14 -3.11258336874e-17
68.6 0.00553990155499 4.21136482816e-06 -9.36553007275e-14 1.12563101721e-17
68.7 0.00553347038823 4.42932851464e-06 -9.22589752883e-14 -2.24566566127e-17
68.8 0.0055268783781 4.61782023097e-06 -9.39641786735e-14 -9.98032452016e-18
68.9 0.00552016482026 4.76788076964e-06 -9.45716522671e-14 7.62630746303e-19
69 0.0055133782942 4.8725302713e-06 -9.57666949079e-14 8.49346406031e-18
69.1 0.00550657462787 4.92696359338e-06 -9.57388442992e-14 -3.38339733822e-17
69.2 0.00549981428244 4.92863395607e-06 -9.52021968842e-14 -1.38526944574e-17
69.3 0.00549315928065 4.87724420719e-06 -9.79735277912e-14 -1.58025444497e-17
69.4 0.00548666988215 4.77465150084e-06 -9.66647862932e-14 -3.2087950619e-17
69.5 0.00548040117295 4.62466162475e-06 -9.88676036679e-14 4.10134941266e-17
69.6 0.00547439983769 4.4327252234e-06 -1.00942135752e-13 -9.27436590286e-17
69.7 0.00546870131246 4.20556589332e-06 -1.02732451145e-13 2.25870070423e-17
69.8 0.00546332750967 3.95078660439e-06 -1.03344220751e-13 4.59263646303e-17
69.9 0.0054582853509 3.67647926317e-06 -1.05713013166e-13 -2.41598148766e-17
70 0.00545356616196 3.39089703566e-06 -1.02766585465e-13 1.98230061864e-17
70.1 0.00544914604043 3.10213629029e-06 -1.01257144618e-13 7.75106946051e-18
70.2 0.00544498709056 2.81788651178e-06 -1.03206043366e-13 -1.15707281404e-17
70.3 0.00544103953126 2.54516218108e-06 -1.02867511674e-13 1.89995412691e-17
70.4 0.0054372443765 2.29021634249e-06 -1.00632488101e-13 3.00904748757e-17
70.5 0.00543353656937 2.05847067069e-06 -9.87518070477e-14 -5.0610311245e-17
70.6 0.00542984836402 1.85452824442e-06 -9.79098937628e-14 2.53256035273e-17
70.7 0.00542611276774 1.68217185699e-06 -9.71963842173e-14 -2.33856267627e-17
70.8 0.00542226687355 1.54431520174e-06 -1.00189355496e-13 4.68038642938e-19
70.9 0.00541825496087 1.44295662626e-06 -1.00320576133e-13 -4.51399739481e-18
71 0.00541403115127 1.37903856301e-06 -1.00571575322e-13 1.4583670656e-17
71.1 0.00540956153528 1.35239312179e-06 -1.01262089114e-13 -1.12346909796e-17
71.2 0.0054048255245 1.36167409412e-06 -9.99063635288e-14 -2.46979057912e-17
71.3 0.00539981645789 1.40439822993e-06 -9.82469828062e-14 -7.18747160449e-18
71.4 0.0053945413326 1.47703728386e-06 -9.68532657256e-14 -1.32457490286e-17
71.5 0.00538901977452 1.57516985544e-06 -9.6264800084e-14 -1.81713845834e-17
71.6 0.00538328231232 1.69364320974e-06 -9.57952648662e-14 8.65230920765e-19
71.7 0.00537736814229 1.82671723699e-06 -9.60782605327e-14 3.41455524667e-17
71.8 0.00537132250071 1.96814795183e-06 -9.48501642574e-14 -1.29947294912e-17
71.9 0.00536519389385 2.11129626168e-06 -9.59362740938e-14 3.01363734735e-18
72 0.00535903128645 2.24923884906e-06 -9.50534081919e-14 2.55773642185e-17
72.1 0.00535288147555 2.37488452272e-06 -9.55953830504e-14 7.93590462277e-18
72.2 0.00534678675557 2.4811590868e-06 -9.56727303272e-14 -4.62161160728e-17
72.3 0.00534078303443 2.56122086193e-06 -9.78138089394e-14 2.49156461982e-17
72.4 0.0053348984653 2.60878739183e-06 -9.7720838924e-14 2.92754372745e-17
72.5 0.00532915266701 2.61850955454e-06 -9.70278045505e-14 -9.4606830419e-18
72.6 0.0053235564792 2.5863899069e-06 -9.62076115561e-14 -1.33422512276e-17
72.7 0.00531811215437 2.51011105415e-06 -9.76660446903e-14 -3.24587789964e-17
72.8 0.00531281408252 2.38924949947e-06 -9.87931425833e-14 9.16359947054e-18
72.9 0.00530764976438 2.22533096086e-06 -9.77667261366e-14 5.55666848316e-18
73 0.00530260116506 2.02173962581e-06 -9.77378481828e-14 -1.93622533503e-17
73.1 0.00529764627857 1.78352891877e-06 -9.8017141713e-14 8.15269211774e-19
73.2 0.00529276089129 1.51713272347e-06 -1.00090635692e-13 2.06498162221e-17
73.3 0.00528792034599 1.23005603128e-06 -1.0196330082e-13 5.60415063555e-17
73.4 0.00528310131394 9.3045889849e-07 -1.04109671886e-13 -2.53058107496e-17
73.5 0.00527828343329 6.26810885777e-07 -1.06461901114e-13 -2.19335794398e-17
73.6 0.00527345067804 3.27515089416e-07 -1.05767029219e-13 -1.62512204489e-17
73.7 0.00526859243042 4.05941418925e-08 -1.0636208122e-13 -2.44289595956e-18
73.8 0.00526370412111 -2.2656649834e-07 -1.05887421624e-13 -1.17587760722e-17
73.9 0.00525878742696 -4.67436020311e-07 -1.09998010234e-13 -4.114520775e-17
74 0.00525385000247 -6.76513723263e-07 -1.07343751781e-13 3.27500524512e-17
74.1 0.00524890477088 -8.49468486208e-07 -1.09765552775e-13 -8.53709949207e-19
74.2 0.00524396883362 -9.83216622229e-07 -1.08127055213e-13 -1.94264028612e-17
74.3 0.00523906216278 -1.0759232468e-06 -1.04414367272e-13 5.3849325531e-18
74.4 0.00523420607765 -1.12690747236e-06 -1.03081622035e-13 2.28867243568e-17
74.5 0.00522942168448 -1.13648080629e-06 -1.03930232052e-13 1.26733135749e-17
74.6 0.00522472825193 -1.10573972103e-06 -1.03940022562e-13 -2.25637665759e-18
74.7 0.00522014165766 -1.03638706726e-06 -1.03694025189e-13 5.16755279683e-18
74.8 0.0052156729455 -9.3057214983e-07 -1.00848683084e-13 -1.00423696836e-17
74.9 0.00521132712706 -7.90784449534e-07 -9.86311941323e-14 1.83656595309e-18
75 0.00520710235788 -6.1983405813e-07 -9.85185463603e-14 -5.28530030267e-18
75.1 0.00520298954954 -4.20881807847e-07 -9.29903145798e-14 -2.62467981796e-17
75.2 0.0051989724071 -1.97544235512e-07 -9.29610673461e-14 -1.07861704904e-18
75.3 0.00519502786632 4.60296857683e-08 -8.80835498536e-14 2.35513275831e-17
75.4 0.00519112695235 3.0513798018e-07 -8.81992923663e-14 4.27273064769e-17
75.5 0.00518723608293 5.74604362138e-07 -8.73843145603e-14 -1.44244416969e-18
75.6 0.00518331878975 8.48978420144e-07 -8.92074240848e-14 4.38514250772e-18
75.7 0.00517933783048 1.12280432527e-06 -9.04708954205e-14 1.30407869077e-17
75.8 0.00517525748142 1.3909333101e-06 -8.90829938992e-14 -3.77993746687e-17
75.9 0.00517104587158 1.64882416148e-06 -8.98475531675e-14 -1.23918008514e-17
76 0.0051666771238 1.89275430587e-06 -9.22318093009e-14 3.53065037653e-17
76.1 0.00516213324311 2.11988657296e-06 -9.42695245355e-14 -3.51079804182e-17
76.2 0.00515740552312 2.32820916881e-06 -9.44673940326e-14 -4.0951740131e-17
76.3 0.00515249554231 2.51635102415e-06 -9.2536517168e-14 1.79194452212e-17
76.4 0.00514741553479 2.68333224695e-06 -9.35778269751e-14 5.51706969288e-18
76.5 0.00514218817531 2.82829085797e-06 -9.56981712267e-14 -2.47965718948e-17
76.6 0.00513684574653 2.95030815668e-06 -9.47209407127e-14 -3.59361668825e-17
76.7 0.0051314286597 3.04830596573e-06 -9.4611650136e-14 5.14657880523e-18
76.8 0.00512598349511 3.12104619523e-06 -9.66451207098e-14 -2.13900965483e-17
76.9 0.00512056055635 3.167259393e-06 -9.7948066944e-14 -6.36922321904e-17
77 0.00511521112769 3.18583188238e-06 -9.93175915031e-14 -6.29027842487e-18
77.1 0.00510998458721 3.17603805908e-06 -1.01641048459e-13 -4.8866124823e-18
77.2 0.00510492556447 3.13775895186e-06 -1.01395100438e-13 -9.11075255557e-18
77.3 0.00510007136431 3.0716684332e-06 -1.03658357267e-13 -2.32988323555e-17
77.4 0.00509544984427 2.97933198649e-06 -1.03308152977e-13 -3.79594638958e-17
77.5 0.00509107780906 2.86327682162e-06 -1.03470888811e-13 -7.26207667832e-18
77.6 0.00508696000711 2.7269192638e-06 -1.04336585124e-13 2.9063712125e-17
77.7 0.00508308877813 2.57446763825e-06 -1.01896046033e-13 -3.29656091014e-17
77.8 0.00507944434007 2.41073706946e-06 -1.01848126997e-13 -1.41062220065e-17
77.9 0.00507599572403 2.2409627018e-06 -1.01993972227e-13 -3.70656323782e-18
78 0.00507270229388 2.07055137351e-06 -1.00911640508e-13 -7.35509148385e-18
78.1 0.00506951576305 1.90487855397e-06 -1.00344321465e-13 3.19685586782e-17
78.2 0.00506638265574 1.74909898848e-06 -9.78495811792e-14 -4.21464006938e-17
78.3 0.00506324707179 1.60802626909e-06 -9.55202336788e-14 1.50571488387e-17
78.4 0.00506005359072 1.48605675976e-06 -9.45413867679e-14 9.51187559569e-18
78.5 0.00505675014352 1.38713222858e-06 -9.38840396295e-14 2.8817384356e-17
78.6 0.00505329067195 1.31471186813e-06 -9.3850239865e-14 -1.26123007329e-17
78.7 0.00504963744128 1.27172335436e-06 -9.25114311028e-14 2.79819782594e-17
78.8 0.00504576286493 1.2604961001e-06 -9.09784991181e-14 -7.30354158809e-19
78.9 0.0050416508525 1.28268934819e-06 -9.00282916749e-14 -3.71348508518e-17
79 0.00503729750527 1.3392286811e-06 -8.82014734432e-14 -6.90482729791e-18
79.1 0.00503271120831 1.43030298566e-06 -8.92424239892e-14 -1.09211663664e-18
79.2 0.00502791203791 1.55538372272e-06 -8.7277393843e-14 -1.34662886148e-17
79.3 0.00502293056664 1.71328904998e-06 -9.06592680704e-14 2.95453827045e-17
79.4 0.00501780612423 1.90223345037e-06 -9.12326042113e-14 1.10634679016e-17
79.5 0.00501258465126 2.11985842342e-06 -9.08779617336e-14 -2.34320547563e-17
79.6 0.00500731625605 2.36323175867e-06 -9.41609675755e-14 -9.61287103976e-18
79.7 0.0050020527057 2.62883223581e-06 -9.41960315102e-14 -8.2649239832e-19
79.8 0.00499684492437 2.91251568855e-06 -9.60691435204e-14 3.73231039244e-17
79.9 0.00499174066809 3.20951436949e-06 -9.97834879866e-14 1.7798279805e-19
80 0.00498678242357 3.51443274037e-06 -1.02420139464e-13 -8.6226630546e-18
80.1 0.00498200560966 3.82130384185e-06 -9.92624619404e-14 8.33215722353e-19
80.2 0.0049774370777 4.12366604656e-06 -1.00280808731e-13 1.78657777431e-17
80.3 0.00497309399655 4.41471547094e-06 -9.88153809572e-14 1.19472673727e-17
80.4 0.00496898318222 4.68747146119e-06 -9.93146535695e-14 -7.86888314084e-18
80.5 0.00496510094088 4.93503872958e-06 -9.83739375077e-14 -6.46696420373e-18
80.6 0.00496143347869 5.15083940068e-06 -9.95026073284e-14 9.13334451248e-18
80.7 0.00495795786543 5.32887367676e-06 -1.00564214732e-13 -5.92184026863e-17
80.8 0.00495464349791 5.4639154633e-06 -9.99767516297e-14 1.14862035167e-17
80.9 0.00495145394988 5.55167168098e-06 -1.00213024059e-13 2.43008458624e-18
81 0.00494834904132 5.58891771738e-06 -1.02664136569e-13 -8.55535040507e-18
81.1 0.00494528698833 5.57357997913e-06 -1.07518572546e-13 8.70114595113e-18
81.2 0.0049422264306 5.50482094862e-06 -1.0735861586e-13 -1.31724211217e-18
81.3 0.004939128332 5.38316142334e-06 -1.06279780825e-13 3.38274783602e-17
81.4 0.0049359576309 5.21055983958e-06 -1.03938860261e-13 1.35261103167e-17
81.5 0.00493268460969 4.99049906353e-06 -1.03651355587e-13 -3.06106589846e-17
81.6 0.00492928595264 4.7279824152e-06 -1.01427951857e-13 5.87579608701e-17
81.7 0.00492574545604 4.42944851456e-06 -1.0101115381e-13 -3.80169562571e-18
81.8 0.00492205435118 4.10256639469e-06 -9.86485163137e-14 -1.51941828878e-17
81.9 0.00491821128391 3.75594000309e-06 -9.83555402433e-14 -3.11351841373e-17
82 0.00491422194201 3.39874622166e-06 -9.99766101355e-14 -3.50757931663e-17
82.1 0.00491009839716 3.04033544274e-06 -9.88681373192e-14 -3.13325692838e-17
82.2 0.00490585813352 2.68981652868e-06 -9.82422797357e-14 -2.90761661564e-17
82.3 0.00490152286187 2.35565774224e-06 -9.79068322422e-14 3.96517298455e-18
82.4 0.00489711714385 2.0453281078e-06 -9.79938455546e-14 -9.18175773938e-18
82.5 0.00489266693975 1.76501359123e-06 -9.99873274846e-14 3.52509701678e-17
82.6 0.00488819813774 1.51943192272e-06 -1.02460760312e-13 -2.36248076914e-18
82.7 0.00488373518199 1.31169199485e-06 -1.02116729787e-13 2.73018306551e-17
82.8 0.00487929990669 1.14332741142e-06 -1.04592978715e-13 -1.20193181128e-17
82.9 0.00487491061533 1.01439900572e-06 -1.06286676177e-13 -1.7510288603e-18
83 0.00487058146788 9.23682951745e-07 -1.04444593935e-13 1.12181440587e-17
83.1 0.00486632215392 8.68917111071e-07 -1.04311666473e-13 6.66911391056e-18
83.2 0.00486213784794 8.47053204526e-07 -1.05203674329e-13 -6.53459449063e-18
83.3 0.00485802938131 8.54503303535e-07 -1.06321928867e-13 -1.59830881991e-17
83.4 0.00485399363486 8.87396109423e-07 -1.05536300449e-13 5.71102700294e-17
83.5 0.00485002409803 9.41829456721e-07 -1.05528098854e-13 1.34218193851e-17
83.6 0.00484611158486 1.01413022854e-06 -1.0781076834e-13 7.89017807858e-19
83.7 0.00484224506926 1.10106205521e-06 -1.10069442178e-13 -2.59844297243e-17
83.8 0.00483841258769 1.19998386337e-06 -1.12872499935e-13 1.78998509669e-17
83.9 0.00483460218917 1.30890304044e-06 -1.13337780559e-13 -2.64451858692e-17
84 0.0048308028487 1.42641430775e-06 -1.144043276e-13 8.05578625463e-18
84.1 0.00482700531055 1.55153578928e-06 -1.15606673783e-13 9.53600279982e-18
84.2 0.00482320278304 1.68347618876e-06 -1.15380624207e-13 2.07950294331e-17
84.3 0.00481939143111 1.82137833532e-06 -1.17604098145e-13 -4.56686879437e-17
84.4 0.00481557059932 1.96413188879e-06 -1.16719043626e-13 5.65246261556e-18
84.5 0.00481174278821 2.11020287308e-06 -1.15298189373e-13 -2.37486862593e-19
84.6 0.00480791332166 2.25758213299e-06 -1.17195286061e-13 -4.17935055923e-17
84.7 0.00480408975791 2.40376984614e-06 -1.17734078464e-13 3.64870029962e-18
84.8 0.00480028112354 2.54579929012e-06 -1.18631659188e-13 1.1444500379e-17
84.9 0.00479649701997 2.680285852e-06 -1.17085986722e-13 6.20175024701e-18
85 0.00479274673111 2.80351037697e-06 -1.16949922678e-13 -7.03810263825e-18
85.1 0.00478903837146 2.9115473105e-06 -1.15290539659e-13 8.05701709939e-18
85.2 0.0047853781618 3.00043843136e-06 -1.15839533079e-13 -6.87650463376e-18
85.3 0.00478176981043 3.06641507321e-06 -1.15766471379e-13 1.7924275956e-18
85.4 0.00477821404388 3.10613822307e-06 -1.1694668193e-13 -1.73714810788e-17
85.5 0.00477470826296 3.11691863087e-06 -1.15235087959e-13 -3.98290773689e-18
85.6 0.00477124636853 3.09691463448e-06 -1.1375884744e-13 -1.16145687129e-17
85.7 0.00476781878532 3.0452583542e-06 -1.11247246123e-13 -1.03768365247e-16
85.8 0.00476441270828 2.96214828535e-06 -1.13616498841e-13 -3.55034124559e-17
85.9 0.00476101258779 2.84888064496e-06 -1.12402811907e-13 -8.07751794374e-19
86 0.00475760085406 2.70784625651e-06 -1.12058889213e-13 1.9210442547e-17
86.1 0.00475415884191 2.54248170172e-06 -1.1487198983e-13 1.82734652886e-17
86.2 0.00475066785939 2.35719765406e-06 -1.14376745428e-13 -2.12875261525e-17
86.3 0.00474711033481 2.15728227826e-06 -1.12090476382e-13 9.87121608873e-18
86.4 0.00474347096048 1.94878392094e-06 -1.12246653019e-13 -3.38127082233e-17
86.5 0.00473973776618 1.73836890264e-06 -1.0985178478e-13 3.43093342282e-17
86.6 0.00473590304836 1.5331524278e-06 -1.07978681161e-13 4.10137588248e-17
86.7 0.00473196410049 1.34048996304e-06 -1.10575409606e-13 1.54045382263e-17
86.8 0.00472792368767 1.16773778329e-06 -1.09869243611e-13 1.51919594263e-17
86.9 0.00472379021191 1.02196711634e-06 -1.1017439136e-13 -2.88160608673e-18
87 0.00471957753936 9.09655516108e-07 -1.10935845181e-13 2.96674348584e-17
87.1 0.00471530449465 8.36360872587e-07 -1.10956384512e-13 -2.78491198183e-17
87.2 0.00471099401799 8.06414985531e-07 -1.12679455806e-13 -3.29595872267e-17
87.3 0.00470667208336 8.22647747364e-07 -1.13830022507e-13 2.59900413177e-17
87.4 0.00470236640944 8.86204339155e-07 -1.15166976703e-13 -6.12473642327e-18
87.5 0.00469810508336 9.96459384741e-07 -1.16286866876e-13 8.29345840571e-18
87.6 0.00469391517048 1.15105388273e-06 -1.1766598935e-13 -5.27951400888e-17
87.7 0.00468982138897 1.34601650275e-06 -1.19113902759e-13 -1.23645634481e-18
87.8 0.00468584489474 1.57595326421e-06 -1.22363862404e-13 9.97328355889e-18
87.9 0.00468200222246 1.8342578073e-06 -1.21216904884e-13 2.06414517719e-17
88 0.00467830442114 2.11333010031e-06 -1.22580864199e-13 7.41603815142e-18
88.1 0.00467475643901 2.40481162304e-06 -1.22006032211e-13 -2.27562812831e-17
88.2 0.00467135676635 2.69984374401e-06 -1.22246821086e-13 -3.46469297973e-17
88.3 0.00466809738887 2.98936565407e-06 -1.20180957437e-13 1.23733514151e-17
88.4 0.00466496404202 3.26443294406e-06 -1.21376516808e-13 -1.12211748485e-17
88.5 0.00466193678362 3.51655398832e-06 -1.212465067e-13 -6.06943575972e-17
88.6 0.00465899086463 3.73801212953e-06 -1.15991074685e-13 -1.69206742624e-17
88.7 0.0046560978705 3.92216377027e-06 -1.14150011543e-13 1.11977755633e-17
88.8 0.0046532270776 4.06368597388e-06 -1.12660077942e-13 -2.09186168341e-17
88.9 0.00465034694535 4.15877308766e-06 -1.10703288394e-13 1.36329688171e-17
89 0.00464742664773 4.20526792931e-06 -1.09279382308e-13 5.8013021863e-18
89.1 0.004644437565 4.20271186098e-06 -1.10929160397e-13 3.88814592593e-19
89.2 0.00464135463687 4.15230743995e-06 -1.06260788388e-13 1.05017262389e-17
89.3 0.00463815752489 4.05679507264e-06 -1.04476539346e-13 -6.3489354565e-18
89.4 0.00463483152397 3.92024964385e-06 -1.03851943471e-13 -2.82211261009e-17
89.5 0.00463136820057 3.74784370795e-06 -1.03856695114e-13 -9.56264463301e-18
89.6 0.00462776573529 3.54558874807e-06 -1.07309834035e-13 -3.1788087721e-18
89.7 0.00462402893981 3.32008189817e-06 -1.06104531509e-13 -5.73769530591e-17
89.8 0.00462016895346 3.07824898422e-06 -1.095261193e-13 1.22866364171e-17
89.9 0.00461620263802 2.82709212221e-06 -1.07757109253e-13 1.66945958749e-17
90 0.00461215168434 2.57343388088e-06 -1.09649909618e-13 -2.00259764567e-18
90.1 0.00460804150772 2.32367771974e-06 -1.10654891658e-13 -1.38843523139e-17
90.2 0.00460389998998 2.08359653455e-06 -1.11777791404e-13 -1.91798964214e-17
90.3 0.00459975614664 1.85817098594e-06 -1.11913090385e-13 -3.71158190805e-17
90.4 0.00459563876476 1.65148379632e-06 -1.11689173732e-13 4.27961279043e-17
90.5 0.00459157509707 1.46667028418e-06 -1.1667859992e-13 -2.47421500281e-17
90.6 0.00458758964507 1.30594463921e-06 -1.17986869201e-13 -3.30422258787e-18
90.7 0.00458370308178 1.17066377845e-06 -1.2111860507e-13 -2.75179828755e-17
90.8 0.00457993135809 1.06144037737e-06 -1.22659767118e-13 3.47844667722e-17
90.9 0.00457628504684 9.78266748769e-07 -1.21909383065e-13 7.49613570452e-18
91 0.00457276895198 9.20631209569e-07 -1.22104856776e-13 -1.6579399394e-17
91.1 0.00456938202743 8.87605945316e-07 -1.22751707885e-13 -1.40073838495e-17
91.2 0.00456611759876 8.77892504249e-07 -1.20619448236e-13 3.61711391163e-17
91.3 0.00456296388041 8.89831946401e-07 -1.22632727285e-13 2.186070276e-17
91.4 0.00455990473806 9.2138853909e-07 -1.23056690992e-13 2.43804669596e-17
91.5 0.00455692065277 9.70131673454e-07 -1.21463888998e-13 -4.23802347273e-18
91.6 0.00455398982616 1.03323611495e-06 -1.2203513347e-13 7.97965916853e-18
91.7 0.0045510893731 1.10750880607e-06 -1.22573163716e-13 2.72149568386e-17
91.8 0.00454819653437 1.18944377754e-06 -1.23275845812e-13 1.6908842271e-17
91.9 0.00454528985025 1.27529975487e-06 -1.24038019531e-13 -1.50440462979e-17
92 0.00454235021594 1.36120439094e-06 -1.23675132617e-13 2.59128554404e-17
92.1 0.00453936176743 1.44328343272e-06 -1.22214766606e-13 7.58676822986e-19
92.2 0.00453631256752 1.51783035005e-06 -1.23579540713e-13 -1.27478458569e-18
92.3 0.00453319507752 1.58150065922e-06 -1.22614648426e-13 -9.49735692163e-18
92.4 0.00453000640292 1.63151397932e-06 -1.20068625728e-13 9.60778884214e-18
92.5 0.00452674830541 1.6658531039e-06 -1.22199451509e-13 3.52933218153e-17
92.6 0.00452342697664 1.68342840518e-06 -1.25595106328e-13 -1.13102721267e-17
92.7 0.00452005255392 1.68419282545e-06 -1.27790298302e-13 -2.50007068352e-18
92.8 0.00451663840854 1.66918570347e-06 -1.25604633543e-13 3.30023094511e-17
92.9 0.00451320023578 1.64050053099e-06 -1.2300639219e-13 6.27270249126e-18
93 0.00450975501979 1.60117876715e-06 -1.21513194468e-13 -1.41772139555e-17
93.1 0.0045063199531 1.55504704923e-06 -1.23183732805e-13 2.15586031654e-17
93.2 0.00450291138207 1.50651187994e-06 -1.21751763098e-13 4.62077648578e-18
93.3 0.00449954383698 1.46032980419e-06 -1.21855708493e-13 -4.63337610086e-18
93.4 0.0044962291862 1.42137406759e-06 -1.2042305973e-13 3.52359353331e-17
93.5 0.00449297595569 1.39440086775e-06 -1.20018934382e-13 -2.61468482919e-19
93.6 0.0044897888401 1.38384077345e-06 -1.18648882041e-13 -2.90642415208e-17
93.7 0.00448666844623 1.39359936977e-06 -1.15522358707e-13 -4.47750086274e-17
93.8 0.00448361129648 1.42689701019e-06 -1.16204963554e-13 -4.18000171582e-18
93.9 0.00448061008434 1.48613258198e-06 -1.16810010094e-13 -4.21257013265e-17
94 0.00447765416773 1.57277611237e-06 -1.16336373463e-13 -2.10593566523e-17
94.1 0.00447473026299 1.6872858032e-06 -1.1961729084e-13 3.60579675736e-17
94.2 0.00447182329955 1.8290485267e-06 -1.20424159814e-13 1.16895046591e-17
94.3 0.00446891737536 1.99634896782e-06 -1.18590523007e-13 -1.79683216694e-17
94.4 0.0044659967687 2.18635569767e-06 -1.19157021818e-13 -7.90006454126e-18
94.5 0.00446304693016 2.39514651867e-06 -1.20436374664e-13 -7.58306246074e-18
94.6 0.00446005539872 2.61777622287e-06 -1.20759238001e-13 2.95013105216e-17
94.7 0.00445701257213 2.84840789134e-06 -1.20465009566e-13 -2.24111153571e-17
94.8 0.00445391228445 3.08051373605e-06 -1.22719104529e-13 2.10195461038e-17
94.9 0.00445075214513 3.30714370873e-06 -1.24724670601e-13 -2.16446564189e-17
95 0.00444753364412 3.52122032194e-06 -1.26635948778e-13 2.05072499894e-17
95.1 0.00444426200405 3.71584215527e-06 -1.28086895782e-13 4.03023570283e-17
95.2 0.00444094581196 3.88455455188e-06 -1.30150942386e-13 2.99304385886e-17
95.3 0.00443759646221 4.02157972104e-06 -1.31339382762e-13 -3.28254383837e-18
95.4 0.00443422744739 4.12200541316e-06 -1.32305477202e-13 2.19471265905e-17
95.5 0.00443085353966 4.18193503294e-06 -1.29777288836e-13 1.74803248126e-17
95.6 0.00442748990724 4.19860111962e-06 -1.26669835813e-13 2.08201227843e-17
95.7 0.00442415121481 4.17043918675e-06 -1.26485632193e-13 -2.24569610154e-18
95.8 0.00442085075329 4.09711895078e-06 -1.22988717233e-13 2.92681647029e-18
95.9 0.00441759965464 3.97953829336e-06 -1.20968293673e-13 -2.90807586633e-17
96 0.00441440623704 3.81979307885e-06 -1.20762697495e-13 2.89785853141e-17
96.1 0.00441127551379 3.62113662795e-06 -1.21764764789e-13 3.09870063112e-17
96.2 0.00440820890629 3.38793096971e-06 -1.22026604696e-13 4.28016336184e-18
96.3 0.00440520417534 3.1255858601e-06 -1.21426386773e-13 -1.5064692726e-17
96.4 0.00440225558108 2.84045956959e-06 -1.19901445618e-13 5.83928632004e-18
96.5 0.00439935424456 2.53972324261e-06 -1.18432014555e-13 1.26148087446e-17
96.6 0.00439648868871 2.23117989346e-06 -1.1803431951e-13 4.17553361703e-17
96.7 0.00439364551575 1.92305360952e-06 -1.18522281586e-13 4.18866262772e-17
96.8 0.00439081017956 1.6237519902e-06 -1.17644673502e-13 -6.21861149664e-18
96.9 0.00438796780717 1.34161661868e-06 -1.20853557661e-13 6.48794415109e-17
97 0.00438510404575 1.08466711222e-06 -1.19676684102e-13 3.861834965e-18
97.1 0.00438220587147 8.6033843838e-07 -1.19038480987e-13 4.82667960736e-17
97.2 0.00437926232881 6.75237833243e-07 -1.19538864694e-13 3.80688370254e-18
97.3 0.00437626515028 5.34914098e-07 -1.1807515481e-13 -5.35187179843e-17
97.4 0.00437320921541 4.43652177719e-07 -1.20480723616e-13 -1.57056849089e-17
97.5 0.00437009281882 4.04300880111e-07 -1.2277093871e-13 -1.39433269829e-17
97.6 0.00436691773048 4.18145286312e-07 -1.2383424143e-13 5.96877648186e-18
97.7 0.00436368904892 4.84839829756e-07 -1.21016003334e-13 3.97782553922e-17
97.8 0.00436041486284 6.02419776484e-07 -1.25021921462e-13 1.10962904284e-17
97.9 0.00435710575959 7.67392027505e-07 -1.29525992266e-13 2.43557971251e-17
98 0.0043537742194 9.74896568319e-07 -1.29116543765e-13 -3.69997226273e-17
98.1 0.0043504339335 1.21891408188e-06 -1.2693397118e-13 2.70707494794e-17
98.2 0.00434709908611 1.49251428793e-06 -1.26635982342e-13 -3.85523869592e-17
98.3 0.00434378360067 1.78811262777e-06 -1.26294661839e-13 2.922528366e-18
98.4 0.00434050041828 2.097737512e-06 -1.25015851041e-13 3.62723860233e-17
98.5 0.00433726079884 2.41329736757e-06 -1.27792314452e-13 1.14772964356e-19
98.6 0.00433407370066 2.72684876309e-06 -1.26821148932e-13 1.451655653e-17
98.7 0.00433094528695 3.03085254954e-06 -1.23233338972e-13 -1.20954716688e-17
98.8 0.00432787857888 3.31841690641e-06 -1.2066703063e-13 -1.62016226996e-17
98.9 0.00432487329795 3.58351830075e-06 -1.19719362122e-13 -2.48897455192e-17
99 0.00432192591209 3.82118880483e-06 -1.20833495686e-13 1.22973302081e-17
99.1 0.00431902988601 4.02765572771e-06 -1.20917668314e-13 1.20168828932e-17
99.2 0.004316176115 4.20043295111e-06 -1.19433817786e-13 1.05099848102e-17
99.3 0.00431335351784 4.33835051651e-06 -1.20266024798e-13 -1.4860769544e-17
99.4 0.00431054972566 4.44151345211e-06 -1.20238582095e-13 7.61812962477e-17
99.5 0.00430775183606 4.51119099209e-06 -1.20388245405e-13 -2.24143711401e-17
99.6 0.00430494717723 4.54964070859e-06 -1.21394484336e-13 6.24464452489e-18
99.7 0.00430212404641 4.55989047177e-06 -1.20666426696e-13 -8.57567919588e-18
99.8 0.00429927238627 4.54549819223e-06 -1.21280991874e-13 2.44507706943e-17
99.9 0.00429638435728 4.51031988098e-06 -1.2241072662e-13 -4.65749536406e-17
100 0.0042934547926 4.45829158816e-06 -1.20721284784e-13 2.8668253618e-17
100.1 0.0042904814873 4.39325092841e-06 -1.22259020161e-13 -1.42685876347e-17
100.2 0.00428746531737 4.3187798814e-06 -1.22677939786e-13 5.36699133654e-17
100.3 0.00428441017299 4.23809221398e-06 -1.25357994383e-13 6.10551936329e-18
100.4 0.00428132272043 4.15393473493e-06 -1.2630988408e-13 1.88275307154e-17
100.5 0.00427821199419 4.06851499558e-06 -1.28242874888e-13 -3.48255478702e-17
100.6 0.00427508885135 3.98344524913e-06 -1.30576176748e-13 -2.43892549256e-19
100.7 0.00427196531246 3.89970973481e-06 -1.29669503682e-13 -1.60078639131e-18
100.8 0.00426885383325 3.81767020038e-06 -1.29127385761e-13 -2.32715949525e-17
100.9 0.00426576654881 3.73711600574e-06 -1.26407992519e-13 -4.04191946356e-17
101 0.004262714541 3.65737087886e-06 -1.24366923907e-13 5.12643397951e-17
101.1 0.00425970717572 3.57744178469e-06 -1.22503219971e-13 -3.97303980307e-17
101.2 0.0042567515556 3.49618943823e-06 -1.23452057808e-13 -3.12951145459e-17
101.3 0.00425385210952 3.41250189484e-06 -1.24269177364e-13 2.93918315133e-17
101.4 0.00425101036178 3.3254450382e-06 -1.23012392228e-13 5.88109798391e-17
101.5 0.00424822487026 3.23438253233e-06 -1.22371451926e-13 -7.746370413e-17
101.6 0.00424549134131 3.13905934519e-06 -1.23153312782e-13 6.87060187296e-18
101.7 0.00424280291637 3.03965201168e-06 -1.25171759579e-13 9.10687473297e-18
101.8 0.00424015060729 2.93677615974e-06 -1.23820697281e-13 -2.3661865383e-17
101.9 0.00423752384578 2.83146514938e-06 -1.23108968807e-13 -7.25547246839e-18
102 0.00423491111089 2.72511947799e-06 -1.22059052093e-13 3.08900210388e-17
102.1 0.00423230060033 2.61943431738e-06 -1.19787906781e-13 4.72478154381e-17
102.2 0.00422968090681 2.51631669194e-06 -1.19584884842e-13 -5.617946023e-18
102.3 0.00422704166126 2.41779587522e-06 -1.1887261346e-13 1.11253542464e-17
102.4 0.00422437411766 2.32593229821e-06 -1.19127727925e-13 -4.00290830238e-17
102.5 0.00422167163848 2.24272369627e-06 -1.2143192351e-13 1.72243091044e-17
102.6 0.00421893005195 2.17001447123e-06 -1.21898068505e-13 -2.14002874138e-18
102.7 0.00421614786705 2.10940987527e-06 -1.24348489082e-13 -2.47135626662e-17
102.8 0.0042133263257 2.06220530148e-06 -1.24389573568e-13 3.2873348685e-17
102.9 0.00421046930507 2.02933242991e-06 -1.23332473062e-13 3.0980441806e-17
103 0.00420758306524 2.01132141784e-06 -1.22337950555e-13 -9.82558218876e-18
103.1 0.00420467586465 2.00828154988e-06 -1.22818601678e-13 -7.03079697912e-18
103.2 0.00420175744588 2.01989072053e-06 -1.27717046575e-13 7.26669565494e-18
103.3 0.00419883843417 2.0453997886e-06 -1.27501581828e-13 4.64876033679e-17
103.4 0.00419592967632 2.08365260528e-06 -1.27418703889e-13 -1.79818741966e-17
103.5 0.00419304156634 2.13312078891e-06 -1.29071077657e-13 -2.84200729645e-17
103.6 0.00419018340656 2.19196001649e-06 -1.31381105223e-13 2.82447371444e-17
103.7 0.00418736284155 2.25808482705e-06 -1.31390103095e-13 -2.23087302497e-17
103.8 0.00418458540337 2.32925576495e-06 -1.31622083609e-13 2.9182402617e-18
103.9 0.00418185419755 2.40316423087e-06 -1.33351353145e-13 -2.12728089551e-17
104 0.00417916975785 2.47751923734e-06 -1.31170981072e-13 -5.40948062676e-17
104.1 0.00417653006106 2.55009872764e-06 -1.32447352891e-13 -3.1835309808e-17
104.2 0.00417393070811 2.61880598368e-06 -1.2977476616e-13 2.29182763344e-17
104.3 0.00417136524888 2.68170224489e-06 -1.31557562568e-13 4.88276377639e-17
104.4 0.00416882561348 2.73703986474e-06 -1.31907812174e-13 1.02006060262e-17
104.5 0.00416630263402 2.78329288367e-06 -1.30442848574e-13 -2.57603895099e-18
104.6 0.00416378660701 2.81918134954e-06 -1.28218741384e-13 1.68424031242e-17
104.7 0.00416126787617 2.8436953643e-06 -1.28769121423e-13 2.48748165636e-17
104.8 0.00415873739571 2.85611277689e-06 -1.27622471111e-13 -2.90439392e-17
104.9 0.00415618725564 2.85600634166e-06 -1.28204214716e-13 3.10303108707e-17
105 0.00415361114089 2.84324935175e-06 -1.28335054519e-13 2.77000949594e-18
105.1 0.00415100469661 2.81801410069e-06 -1.28271726736e-13 1.22997654278e-17
105.2 0.0041483657955 2.780778815e-06 -1.26495925021e-13 2.25276882666e-17
105.3 0.0041456946808 2.73233109945e-06 -1.28568057044e-13 -2.79914742932e-17
105.4 0.00414299398277 2.67378063692e-06 -1.2870110743e-13 -5.75982404159e-19
105.5 0.0041402686037 2.60655255221e-06 -1.26766898854e-13 -5.28275390994e-17
105.6 0.00413752547566 2.53237438168e-06 -1.2557391854e-13 4.18079580923e-17
105.7 0.00413477319668 2.453225485e-06 -1.23823206894e-13 -2.51314675466e-17
105.8 0.00413202155771 2.3712640571e-06 -1.25258127505e-13 -3.70568444117e-17
105.9 0.00412928099518 2.2887193506e-06 -1.25713814502e-13 2.21967101424e-17
106 0.00412656198848 2.20777261575e-06 -1.26883261647e-13 5.64314525321e-18
106.1 0.0041238744349 2.13043128071e-06 -1.26656750213e-13 1.76654015116e-18
106.2 0.00412122703321 2.05841275197e-06 -1.26493042462e-13 -1.84949644045e-18
106.3 0.00411862670686 1.99305138188e-06 -1.29577641688e-13 1.11672823773e-17
106.4 0.00411607809868 1.93522828658e-06 -1.33454827855e-13 -2.1010652258e-17
106.5 0.00411358317368 1.88533063651e-06 -1.31619089135e-13 -2.84230375798e-17
106.6 0.00411114096023 1.8432352859e-06 -1.30405823917e-13 3.07616955473e-17
106.7 0.00410874745245 1.808322548e-06 -1.30650406375e-13 -1.09529830416e-17
106.8 0.004106395693 1.77951300962e-06 -1.28601869633e-13 2.30812242976e-17
106.9 0.00410407603006 1.75532939881e-06 -1.27964549496e-13 3.50265064371e-17
107 0.00410177653963 1.73396702123e-06 -1.29133750684e-13 2.47253152484e-17
107.1 0.00409948359227 1.71338316556e-06 -1.28899810507e-13 -4.31931745985e-17
107.2 0.00409718253073 1.69137442411e-06 -1.30678359309e-13 -4.78397855892e-17
107.3 0.00409485842697 1.66567081812e-06 -1.28071850677e-13 5.79412887605e-18
107.4 0.00409249687776 1.63403160566e-06 -1.26405105195e-13 -1.00370227882e-17
107.5 0.00409008479419 1.59435299879e-06 -1.23889121939e-13 -3.95776144629e-18
107.6 0.00408761113898 1.54478286159e-06 -1.22957348216e-13 2.87536980667e-17
107.7 0.00408506757265 1.48382792752e-06 -1.23539882208e-13 -1.51219733292e-17
107.8 0.00408244896552 1.41045741374e-06 -1.23951266735e-13 3.95721087488e-17
107.9 0.00407975375402 1.32418460538e-06 -1.25331504064e-13 -1.18962601076e-17
108 0.00407698411039 1.22512798334e-06 -1.25517849194e-13 1.4588501391e-17
108.1 0.00407414592105 1.11404565771e-06 -1.26454545026e-13 -1.49052387738e-17
108.2 0.00407124857071 9.92343952637e-07 -1.26688610934e-13 -4.77163305372e-17
108.3 0.0040683045381 8.62051464357e-07 -1.26757630144e-13 5.25795702041e-18
108.4 0.00406532883032 7.25766415482e-07 -1.28096571122e-13 -2.33001823145e-17
108.5 0.00406233827656 5.86567759972e-07 -1.27746654612e-13 -2.11271192882e-17
108.6 0.00405904831759 3.79852466703e-07 -1.28225849526e-13 -3.74418208863e-17
108.7 0.00405479530655 2.75341670903e-07 -1.27480938259e-13 -1.31800444183e-17
108.8 0.00405101102439 -7.15095391944e-07 -1.27142672263e-13 1.86211723136e-17
108.9 0.00404659292121 2.85259419595e-07 -1.28328128754e-13 2.10250518181e-17
109 0.00404210420929 -6.31139972844e-07 -1.25357062012e-13 -5.28781493181e-18
109.1 0.00403879511971 -2.01139892983e-07 -1.24818953416e-13 -1.31052937607e-17
109.2 0.0040292161573 -7.26198391713e-07 -1.25116826104e-13 -4.02086540087e-18
109.3 0.00402526357044 -8.81914089756e-07 -1.24731812043e-13 4.71278543972e-18
109.4 0.00402118073463 -6.98581542043e-07 -1.27595956333e-13 -5.24080460323e-17
109.5 0.00401838170401 -4.71888829529e-07 -1.26353744506e-13 -7.96465080354e-18
109.6 0.00401544719179 -2.48997877571e-07 -1.28002737024e-13 2.07903178126e-17
109.7 0.0040118911496 -1.25032829668e-07 -1.28346470829e-13 1.3727862977e-17
109.8 0.00400765032337 3.031802175e-07 -1.29617291724e-13 1.85144461623e-17
109.9 0.00399630942396 5.23001698934e-06 -1.29554245897e-13 -1.31103759584e-17
110 0.00399393651122 5.31598316896e-06 -1.31078262622e-13 -3.66169166748e-17
110.1 0.00398752295611 1.93060695242e-06 -1.33267897001e-13 -3.14537214653e-17
110.2 0.0039850996472 2.31985794507e-06 -1.33075228346e-13 -1.54363284317e-17
110.3 0.00398166109664 2.61368676066e-06 -1.34839117496e-13 -1.66715142272e-17
110.4 0.0039785304584 2.48014476768e-06 -1.35557335578e-13 -1.55794769998e-17
110.5 0.003974553134 1.91161767406e-06 -1.37990654348e-13 4.4729692365e-18
110.6 0.00397187644119 1.82139984203e-06 -1.3865958083e-13 2.27182706797e-17
110.7 0.00396902926958 1.75311729162e-06 -1.4132037231e-13 -2.46503528326e-17
110.8 0.00396354284289 2.24781914072e-06 -1.40618706204e-13 3.23477647412e-17
110.9 0.00396014823635 2.09243965582e-06 -1.40312773785e-13 -1.71738047649e-17
111 0.00395236897736 9.11462516548e-07 -1.40780934825e-13 2.19627172908e-17
111.1 0.00394931374308 1.23034114043e-06 -1.4096920452e-13 1.33513568319e-18
111.2 0.00393646849861 2.89655052483e-06 -1.41488909526e-13 1.90065723046e-17
111.3 0.0039338477192 2.82541413236e-06 -1.40343427061e-13 3.78348441739e-17
111.4 0.00392808869924 2.27245436898e-06 -1.39574970607e-13 1.66027457398e-17
111.5 0.00392521094123 2.44200428511e-06 -1.38932898034e-13 1.76693190391e-17
111.6 0.0039209909853 1.87782678399e-06 -1.39090642885e-13 3.94063020494e-17
111.7 0.00391742488603 1.83400797111e-06 -1.3670900816e-13 -1.1365488087e-17
111.8 0.0039142972458 7.18160011191e-07 -1.3697833605e-13 -2.30604719905e-17
111.9 0.00391020091249 1.50292468554e-06 -1.35732572295e-13 1.4812382787e-17
112 0.00390256388999 2.99414256145e-07 -1.3383590459e-13 -2.74935247993e-17
112.1 0.00389838827695 -3.0759433364e-07 -1.35165008975e-13 -3.86062794307e-17
112.2 0.0038919791784 1.21640207318e-06 -1.34633464037e-13 -2.5535925779e-17
112.3 0.00388648222975 2.54266163313e-06 -1.3363576611e-13 -2.19771168509e-17
112.4 0.00387977621946 3.16324056054e-06 -1.34573655676e-13 2.03863889758e-17
112.5 0.00387720477045 3.46085678211e-06 -1.37107756543e-13 2.52585224886e-18
112.6 0.00387195942772 2.38035722838e-06 -1.34080651796e-13 4.49072251768e-17
112.7 0.00386598790445 2.1246129276e-06 -1.34908039508e-13 6.87319591139e-18
112.8 0.00386266287125 2.70099540739e-06 -1.33839139409e-13 7.89815871718e-18
112.9 0.00385869349969 2.66145073371e-06 -1.36442135183e-13 -3.74716787978e-17
113 0.00385589981046 2.34627276517e-06 -1.32777871924e-13 2.33133113253e-17
113.1 0.00385210413641 2.05015609688e-06 -1.33274065201e-13 9.65469329166e-18
113.2 0.00384706401493 1.86327347028e-06 -1.32186850662e-13 -1.99624489857e-18
113.3 0.00384351957665 1.90095254459e-06 -1.29856974732e-13 -1.78469841999e-18
113.4 0.00384057565596 2.25338703436e-06 -1.31450008019e-13 1.18011541895e-17
113.5 0.00383366172666 2.24842845738e-06 -1.32737072888e-13 -2.10877322562e-17
113.6 0.00383112416826 2.41747940418e-06 -1.34708797665e-13 -2.32473486345e-17
113.7 0.00382813674113 2.64615917179e-06 -1.37854340277e-13 4.36488783243e-17
113.8 0.0038248274279 2.76777037165e-06 -1.39773471084e-13 -8.40309623289e-18
113.9 0.00382129657171 2.95475792427e-06 -1.42744010548e-13 -1.62346569846e-17
114 0.00381835388772 2.82973820807e-06 -1.41591265729e-13 2.53127325974e-17
114.1 0.00381537637005 3.07843502747e-06 -1.4040800697e-13 5.52011371762e-18
114.2 0.00381200321104 3.71473333805e-06 -1.43344119415e-13 1.31658566165e-17
114.3 0.00380850917755 4.01789650242e-06 -1.40118134932e-13 -1.55486661764e-17
114.4 0.00380148224324 2.77634199424e-06 -1.41536242998e-13 6.02155722242e-18
114.5 0.00379853636933 3.02473184608e-06 -1.39388721509e-13 -1.85340337992e-17
114.6 0.00379585035348 3.08984024584e-06 -1.3910273301e-13 1.14091102838e-17
114.7 0.00379211247721 3.84119579562e-06 -1.34748544898e-13 1.49069328397e-17
114.8 0.00378907625616 3.9605907233e-06 -1.3303942871e-13 1.12130221565e-17
114.9 0.00378574945579 4.44982130471e-06 -1.32692458816e-13 8.49891683506e-18
115 0.0037801550508 4.45974987268e-06 -1.28251307631e-13 -2.71571468402e-17
115.1 0.00377302808746 2.83611658074e-06 -1.32428348014e-13 1.22862129007e-17
115.2 0.00377012332489 2.35458043348e-06 -1.3143755367e-13 -3.85462459706e-17
115.3 0.00376266184784 8.65888899102e-07 -1.31404678627e-13 3.73223892408e-18
115.4 0.00375982469972 1.05890935075e-06 -1.31265724143e-13 -5.41974031336e-18
115.5 0.00375713411355 1.59980536621e-06 -1.31046372573e-13 8.22081474264e-17
115.6 0.00375069811389 -9.44101116218e-08 -1.28654225851e-13 -1.86298014618e-17
115.7 0.00374599224048 -4.13740828732e-07 -1.28006693939e-13 4.87721571062e-18
115.8 0.00374009768076 -3.00055185803e-07 -1.29719952965e-13 5.78375272248e-18
115.9 0.00373593694195 -1.18903327598e-06 -1.31773241721e-13 -9.74193768523e-18
116 0.00373249268309 -1.40256311124e-06 -1.3657765622e-13 -2.07889413841e-17
116.1 0.00372917269338 -1.56019979724e-06 -1.38327614431e-13 -6.64499464747e-17
116.2 0.00372646491077 -1.49043667828e-06 -1.42871630461e-13 -1.72459084446e-17
116.3 0.00372404108967 -1.5557542689e-06 -1.45364436779e-13 -1.23857392719e-18
116.4 0.00372017572515 -2.08061117277e-06 -1.45776796981e-13 -1.88312364846e-17
116.5 0.00371712175717 -2.69626071621e-06 -1.49277600246e-13 -2.44961928362e-17
116.6 0.00365550094864 -4.07351328963e-06 -1.48068599839e-13 -8.39409650785e-18
116.7 0.00364204888162 -4.18027538907e-06 -1.5020448299e-13 -8.1925026664e-18
116.8 0.00363942925725 -4.23110525106e-06 -1.48824795782e-13 1.10434038088e-17
116.9 0.00363436886697 -4.74911751725e-06 -1.4764742827e-13 -1.19128831292e-17
117 0.00363056081511 -6.82346365894e-06 -1.46630941194e-13 -1.21257001572e-17
117.1 0.00362802745307 -7.46095956172e-06 -1.47420544884e-13 -1.01830300926e-17
117.2 0.00362372015294 -8.54998204899e-06 -1.48268636622e-13 2.56860623689e-17
117.3 0.00362052591422 -7.96145547577e-06 -1.50751356683e-13 1.94231007565e-17
117.4 0.00361780961727 -8.14067994719e-06 -1.4842948352e-13 -6.84233214837e-18
117.5 0.00361522746214 -8.55012725964e-06 -1.4895444913e-13 -2.79986740732e-18
117.6 0.00361298115954 -9.137055507e-06 -1.47872736599e-13 -3.15229664089e-17
117.7 0.00360960216973 -9.89631541284e-06 -1.47678098804e-13 -4.88721069939e-17
117.8 0.00360669214439 -1.04045511979e-05 -1.4742748886e-13 1.53584014006e-17
117.9 0.00360348760563 -1.0379512202e-05 -1.4928124757e-13 2.33969558289e-17
118 0.00359883017539 -1.18823960467e-05 -1.53563705121e-13 1.43377266991e-17
118.1 0.00358835267147 -1.34532700754e-05 -1.54056228945e-13 -3.0484080499e-17
118.2 0.00358531739369 -1.33638119978e-05 -1.5716333299e-13 -2.76268266095e-17
118.3 0.00358180688956 -1.29639444262e-05 -1.58837408696e-13 -2.43136572361e-17
118.4 0.00357292136144 -1.51606440695e-05 -1.61938127594e-13 -3.75025955004e-17
118.5 0.00356256219162 -1.62360070147e-05 -1.60700294398e-13 -3.1927212883e-17
118.6 0.00355977511216 -1.69119010072e-05 -1.61157978486e-13 -4.08456227852e-17
118.7 0.00355635049936 -1.59708463322e-05 -1.58774523064e-13 3.81529050457e-17
